48
&
entradas/human_genoma_pequeno
*
2
5
1;3.695340
2;10.499347
3;7.624523
4;6.683324
5;11.509161
-
50
1;3.495781
2;10.348808
3;7.541844
4;6.576651
5;11.355846
6;10.093942
7;8.234487
8;7.521544
9;9.094009
10;15.489706
11;11.600807
12;135.737674
13;23.845237
14;73.985710
15;113.235536
16;73.911221
17;43.933394
18;4.859832
19;73.793281
20;47.704490
21;44.419524
22;4.999960
23;5.952799
24;4.444316
25;6.985931
26;6.153889
27;76.109146
28;7.265339
29;11.083213
30;5.650042
31;30.150311
32;8.666629
33;13.562732
34;68.518102
35;166.195568
36;5.046843
37;69.631588
38;16.735674
39;58.999954
40;124.706864
41;3.770716
42;5.253549
43;4.327341
44;4.549065
45;9.816961
46;8.848285
47;6.285937
48;24.600832
49;9.519886
50;52.075577
5
1;3.551345
2;10.463555
3;7.650807
4;6.727675
5;11.544207
-
50
1;3.473481
2;10.318057
3;7.537978
4;6.564982
5;11.394938
6;10.123126
7;8.264429
8;7.525240
9;9.106570
10;15.512705
11;11.630220
12;135.764598
13;23.853872
14;74.044743
15;113.129176
16;74.024689
17;43.913117
18;4.858994
19;73.916816
20;47.712693
21;44.508475
22;4.936068
23;5.951253
24;4.464190
25;6.927999
26;6.189494
27;76.179687
28;7.291238
29;11.089398
30;5.641244
31;30.176678
32;8.659745
33;13.582056
34;68.602723
35;165.884032
36;5.053551
37;69.657079
38;16.760637
39;59.117803
40;124.710861
41;3.770869
42;5.208455
43;4.347421
44;4.575613
45;9.827273
46;8.834997
47;6.288067
48;24.620407
49;9.543853
50;52.193886
5
1;3.561738
2;10.453870
3;7.613500
4;6.672248
5;11.520304
-
50
1;3.479583
2;10.305249
3;7.530578
4;6.544652
5;11.364230
6;10.085603
7;8.248996
8;7.514992
9;9.095619
10;15.478222
11;11.607650
12;135.273080
13;23.765484
14;73.827639
15;112.965879
16;73.813836
17;43.792371
18;4.868610
19;73.749094
20;47.580102
21;44.267031
22;4.929553
23;5.949848
24;4.453775
25;6.929617
26;6.138277
27;76.066026
28;7.328962
29;11.035684
30;5.591380
31;30.069167
32;8.722163
33;13.558474
34;68.154738
35;166.064821
36;5.033450
37;69.655598
38;16.708385
39;58.888806
40;124.478394
41;3.795018
42;5.197613
43;4.322807
44;4.574410
45;9.772946
46;8.817311
47;6.292421
48;24.632005
49;9.498374
50;51.979199
5
1;3.552439
2;10.457979
3;7.641427
4;6.682952
5;11.536193
-
50
1;3.480166
2;10.330726
3;7.557896
4;6.566238
5;11.363750
6;10.089653
7;8.261111
8;7.542727
9;9.091608
10;15.542668
11;11.595700
12;135.136768
13;23.957339
14;73.927729
15;113.151418
16;73.927644
17;43.943548
18;4.859663
19;73.855489
20;47.785596
21;44.312359
22;4.928014
23;5.938568
24;4.438869
25;6.920653
26;6.131326
27;76.071285
28;7.291377
29;11.107775
30;5.600389
31;30.183438
32;8.680465
33;13.551280
34;68.230017
35;166.118012
36;5.045393
37;69.628226
38;16.758425
39;58.983297
40;124.599571
41;3.778098
42;5.215102
43;4.324283
44;4.584029
45;9.842752
46;8.891141
47;6.332756
48;24.648226
49;9.539976
50;52.041053
5
1;3.552421
2;10.441149
3;7.653891
4;6.678849
5;11.542121
-
50
1;3.477232
2;10.295313
3;7.512818
4;6.540685
5;11.333422
6;10.083444
7;8.209350
8;7.515752
9;9.099386
10;15.502842
11;11.669415
12;135.342416
13;23.812717
14;73.961885
15;113.003104
16;73.881189
17;43.850591
18;4.861292
19;73.763129
20;47.650583
21;44.359308
22;4.961730
23;5.951266
24;4.464218
25;6.947431
26;6.173727
27;76.230203
28;7.294035
29;11.184038
30;5.634931
31;30.071354
32;8.663547
33;13.562927
34;68.291063
35;166.061185
36;5.047788
37;69.576034
38;16.724135
39;58.900399
40;124.276559
41;3.780130
42;5.242228
43;4.327801
44;4.587745
45;9.798245
46;8.856416
47;6.315494
48;24.577321
49;9.538097
50;51.988912
*
4
5
1;2.042799
2;6.215602
3;4.424164
4;3.745198
5;6.788280
-
50
1;1.997363
2;6.137428
3;4.365639
4;3.673043
5;6.738710
6;5.717010
7;4.563513
8;4.268158
9;5.209209
10;9.885159
11;6.943210
12;93.575509
13;16.454491
14;50.231967
15;77.895680
16;50.168015
17;30.502164
18;2.708369
19;50.198020
20;33.272073
21;30.821784
22;2.749391
23;3.308327
24;2.491278
25;3.958173
26;3.418715
27;51.806594
28;4.136794
29;6.184835
30;3.041619
31;20.933844
32;4.999285
33;8.120933
34;46.726267
35;114.481567
36;2.767084
37;47.275547
38;11.260864
39;39.784764
40;85.461319
41;2.102001
42;2.804494
43;2.370590
44;2.554562
45;5.250073
46;4.871801
47;3.599180
48;16.124694
49;5.971896
50;35.385398
5
1;2.042003
2;6.210116
3;4.423540
4;3.772308
5;6.807603
-
50
1;2.002766
2;6.166228
3;4.351040
4;3.667329
5;6.682391
6;5.686387
7;4.568211
8;4.261160
9;5.197265
10;9.919313
11;7.094464
12;93.573840
13;16.405696
14;50.143704
15;77.775463
16;50.143044
17;30.435296
18;2.690171
19;50.075367
20;33.122614
21;30.827040
22;2.742868
23;3.312068
24;2.493239
25;3.958981
26;3.408706
27;51.720262
28;4.158125
29;6.161423
30;3.035646
31;20.851839
32;4.976158
33;8.079547
34;46.664493
35;114.534706
36;2.759343
37;47.321244
38;11.260770
39;39.785428
40;85.451515
41;2.104042
42;2.797972
43;2.367895
44;2.563310
45;5.226432
46;4.865230
47;3.573542
48;16.104586
49;5.969605
50;35.348984
5
1;2.042072
2;6.217277
3;4.401776
4;3.740300
5;6.817536
-
50
1;2.002908
2;6.160379
3;4.358542
4;3.665292
5;6.689368
6;5.683395
7;4.564993
8;4.259746
9;5.208641
10;9.868951
11;6.991508
12;93.555820
13;16.398376
14;50.145008
15;77.694391
16;50.133325
17;30.500839
18;2.710639
19;50.095203
20;33.157087
21;30.798356
22;2.745432
23;3.295011
24;2.485070
25;3.955473
26;3.411824
27;51.735144
28;4.118234
29;6.150865
30;3.032355
31;20.903057
32;4.984068
33;8.125431
34;46.741326
35;114.454619
36;2.767320
37;47.253070
38;11.250623
39;39.749675
40;85.362108
41;2.096919
42;2.798439
43;2.353939
44;2.550934
45;5.201755
46;4.891103
47;3.564621
48;16.100374
49;5.956271
50;35.380226
5
1;2.042695
2;6.224649
3;4.409546
4;3.746075
5;6.796725
-
50
1;2.005315
2;6.139202
3;4.370613
4;3.665995
5;6.705043
6;5.692305
7;4.578674
8;4.268311
9;5.195833
10;9.875830
11;6.920359
12;93.869147
13;16.506201
14;50.269474
15;78.063123
16;50.296471
17;30.575985
18;2.699257
19;50.244128
20;33.253662
21;30.909232
22;2.740796
23;3.295660
24;2.494338
25;3.962113
26;3.412323
27;51.849715
28;4.132370
29;6.214047
30;3.042246
31;20.977549
32;4.977098
33;8.145577
34;46.880421
35;114.814121
36;2.764592
37;47.418833
38;11.282442
39;39.838775
40;85.703339
41;2.099793
42;2.808630
43;2.353771
44;2.555596
45;5.267819
46;4.868668
47;3.600244
48;16.136462
49;5.991140
50;35.397749
5
1;2.041430
2;6.183547
3;4.401756
4;3.793740
5;6.761063
-
50
1;2.006805
2;6.136246
3;4.355151
4;3.676374
5;6.690063
6;5.707296
7;4.570911
8;4.266176
9;5.201795
10;9.894953
11;6.933845
12;93.512608
13;16.459456
14;50.111749
15;77.686711
16;50.090880
17;30.518064
18;2.695618
19;50.096906
20;33.242177
21;30.844757
22;2.741169
23;3.303782
24;2.492418
25;3.973332
26;3.414744
27;51.749454
28;4.125601
29;6.175392
30;3.035255
31;20.934509
32;4.974875
33;8.119999
34;46.726225
35;114.438245
36;2.763077
37;47.252497
38;11.261386
39;39.762246
40;85.437536
41;2.097773
42;2.831536
43;2.350900
44;2.551305
45;5.250677
46;4.872048
47;3.570634
48;16.140218
49;5.977042
50;35.440684
*
8
5
1;1.345113
2;4.240631
3;2.957612
4;2.441139
5;4.567908
-
50
1;1.322789
2;4.197158
3;2.921521
4;2.395403
5;4.502725
6;3.739069
7;2.901444
8;2.863394
9;3.492790
10;7.151938
11;4.780820
12;65.988298
13;12.040762
14;34.665822
15;54.291650
16;34.605307
17;21.733893
18;1.792948
19;34.579927
20;24.272692
21;22.214054
22;1.821283
23;2.168142
24;1.650121
25;2.650111
26;2.256603
27;35.856030
28;2.662182
29;4.008204
30;1.878624
31;15.348439
32;3.315747
33;5.649329
34;32.793406
35;79.988954
36;1.733940
37;32.721670
38;8.121601
39;27.133975
40;59.368392
41;1.356663
42;1.763453
43;1.477189
44;1.629190
45;3.292069
46;3.032392
47;2.406171
48;11.068089
49;4.184030
50;24.641782
5
1;1.346066
2;4.227704
3;2.944951
4;2.444724
5;4.533407
-
50
1;1.324726
2;4.205089
3;2.929950
4;2.390315
5;4.495366
6;3.746802
7;2.914758
8;2.869070
9;3.494601
10;7.168650
11;4.783535
12;66.399430
13;12.144488
14;34.748831
15;54.639325
16;34.756414
17;22.207057
18;1.804047
19;34.735183
20;24.406094
21;22.447761
22;1.824712
23;2.175173
24;1.651603
25;2.629306
26;2.240054
27;36.002707
28;2.665438
29;4.010195
30;1.872158
31;15.147478
32;3.317650
33;5.665765
34;33.112554
35;80.697769
36;1.736524
37;32.901021
38;8.192380
39;27.014166
40;59.824443
41;1.352271
42;1.762524
43;1.474931
44;1.628400
45;3.298932
46;3.051302
47;2.396327
48;11.284185
49;4.205166
50;24.783854
5
1;1.346083
2;4.241919
3;2.956384
4;2.437279
5;4.521221
-
50
1;1.325463
2;4.212738
3;2.919638
4;2.399739
5;4.486634
6;3.747815
7;2.906181
8;2.860494
9;3.491777
10;7.152429
11;4.786842
12;66.053313
13;12.087527
14;34.683029
15;54.358638
16;34.684490
17;21.796433
18;1.798310
19;34.576021
20;24.328285
21;22.315897
22;1.826512
23;2.161437
24;1.651927
25;2.646508
26;2.234423
27;35.967381
28;2.664905
29;4.012366
30;1.873022
31;15.427936
32;3.311537
33;5.643167
34;32.902884
35;80.024325
36;1.735557
37;32.812919
38;8.141395
39;27.237706
40;59.439903
41;1.356608
42;1.763776
43;1.476439
44;1.627646
45;3.307592
46;3.046556
47;2.389912
48;11.223072
49;4.197986
50;24.241117
5
1;1.347954
2;4.233249
3;2.956835
4;2.443171
5;4.525516
-
50
1;1.319081
2;4.188154
3;2.925641
4;2.395486
5;4.481647
6;3.753585
7;2.921586
8;2.890730
9;3.501310
10;7.152563
11;4.776217
12;65.884968
13;12.044877
14;34.721668
15;54.374812
16;34.661418
17;22.115526
18;1.781932
19;34.627746
20;24.264518
21;22.261359
22;1.817905
23;2.162685
24;1.646451
25;2.645414
26;2.234022
27;35.969501
28;2.670917
29;4.012384
30;1.874586
31;15.013476
32;3.328147
33;5.641055
34;32.862325
35;79.860631
36;1.737218
37;32.766262
38;8.137582
39;27.164365
40;59.472044
41;1.351190
42;1.761041
43;1.477129
44;1.625852
45;3.298399
46;3.030697
47;2.394040
48;11.195593
49;4.183507
50;24.577047
5
1;1.344969
2;4.249970
3;2.952578
4;2.436122
5;4.535537
-
50
1;1.322369
2;4.209731
3;2.923958
4;2.384055
5;4.481284
6;3.730252
7;2.905502
8;2.882074
9;3.488369
10;7.172677
11;4.789412
12;65.948389
13;12.089475
14;34.652099
15;54.346274
16;34.653988
17;22.091926
18;1.780440
19;34.604007
20;24.230214
21;22.249373
22;1.835942
23;2.171944
24;1.650673
25;2.649891
26;2.238504
27;35.896610
28;2.671643
29;4.004038
30;1.874642
31;15.075065
32;3.305225
33;5.660812
34;32.926503
35;79.948135
36;1.748267
37;32.736099
38;8.134640
39;27.154814
40;59.449968
41;1.362826
42;1.764500
43;1.481844
44;1.624194
45;3.292724
46;3.036972
47;2.384762
48;11.196046
49;4.212107
50;24.586113
*
16
5
1;1.347748
2;4.308921
3;3.001240
4;2.440519
5;4.538637
-
50
1;1.322504
2;4.184627
3;2.922970
4;2.392165
5;4.486462
6;3.746282
7;2.898444
8;2.866820
9;3.501080
10;7.149000
11;4.773343
12;65.887999
13;12.050636
14;34.653114
15;54.228612
16;34.599928
17;22.082772
18;1.789728
19;34.556394
20;24.213004
21;22.261536
22;1.822242
23;2.170576
24;1.674518
25;2.657244
26;2.251635
27;35.841787
28;2.660781
29;4.010594
30;1.872212
31;15.375155
32;3.307399
33;5.543700
34;32.900777
35;79.758518
36;1.739938
37;32.661930
38;8.121482
39;27.118768
40;59.261007
41;1.365300
42;1.765799
43;1.480970
44;1.630453
45;3.294115
46;3.050974
47;2.380306
48;11.176443
49;4.185749
50;24.526637
5
1;1.349407
2;4.234220
3;2.948613
4;2.446433
5;4.520847
-
50
1;1.324811
2;4.202174
3;2.928445
4;2.397844
5;4.473948
6;3.754461
7;2.897441
8;2.861055
9;3.535603
10;7.185550
11;4.788304
12;66.290639
13;12.159480
14;34.731984
15;54.527264
16;34.713851
17;22.194383
18;1.784558
19;34.694956
20;24.348962
21;22.382919
22;1.820177
23;2.170676
24;1.662733
25;2.653928
26;2.253618
27;35.931828
28;2.679594
29;4.005930
30;1.880066
31;15.492008
32;3.306676
33;5.660708
34;33.019644
35;80.208321
36;1.739032
37;32.835470
38;8.166784
39;27.236727
40;59.637053
41;1.355484
42;1.762586
43;1.475301
44;1.629974
45;3.298292
46;3.035523
47;2.390869
48;11.226463
49;4.197647
50;24.770347
5
1;1.347385
2;4.243357
3;2.956939
4;2.431650
5;4.540604
-
50
1;1.320384
2;4.191166
3;2.930778
4;2.396812
5;4.482956
6;3.740053
7;2.904512
8;2.884821
9;3.504909
10;7.166708
11;4.793771
12;66.172225
13;12.080001
14;34.757036
15;54.502444
16;34.783726
17;21.796637
18;1.789504
19;34.705149
20;24.297282
21;22.291007
22;1.823983
23;2.167044
24;1.654307
25;2.659458
26;2.241821
27;36.014063
28;2.675457
29;4.006221
30;1.883525
31;15.448859
32;3.303500
33;5.561927
34;32.973357
35;80.198574
36;1.738619
37;32.814967
38;8.146519
39;27.226515
40;59.634570
41;1.355093
42;1.764949
43;1.491960
44;1.625302
45;3.298494
46;3.043072
47;2.392647
48;11.223373
49;4.196432
50;24.259745
5
1;1.348727
2;4.237524
3;2.960355
4;2.437531
5;4.533659
-
50
1;1.317691
2;4.187283
3;2.932224
4;2.394468
5;4.476962
6;3.736628
7;2.897844
8;2.863082
9;3.498296
10;7.154993
11;4.789823
12;66.180959
13;12.130088
14;34.773444
15;54.427081
16;34.695609
17;21.828115
18;1.785449
19;34.645668
20;24.273323
21;22.318478
22;1.820367
23;2.161955
24;1.651969
25;2.648037
26;2.238783
27;35.911398
28;2.669830
29;4.012950
30;1.888996
31;15.430837
32;3.288229
33;5.647080
34;32.939172
35;80.339348
36;1.731430
37;32.818951
38;8.147992
39;27.190063
40;59.495792
41;1.354496
42;1.765491
43;1.478530
44;1.629480
45;3.289020
46;3.034305
47;2.400882
48;11.217875
49;4.197341
50;24.625851
5
1;1.345555
2;4.240512
3;2.953236
4;2.447154
5;4.517678
-
50
1;1.324534
2;4.198638
3;2.951152
4;2.385046
5;4.481734
6;3.743494
7;2.907177
8;2.872515
9;3.496349
10;7.169103
11;4.813056
12;66.186308
13;12.144552
14;34.711178
15;54.507453
16;34.728048
17;22.149433
18;1.792522
19;34.682139
20;24.309742
21;22.313171
22;1.831193
23;2.170461
24;1.654737
25;2.645074
26;2.235942
27;35.956788
28;2.659258
29;4.006532
30;1.873456
31;15.467362
32;3.283095
33;5.659508
34;33.005646
35;79.970289
36;1.735383
37;32.818388
38;8.174834
39;27.312644
40;59.738920
41;1.353855
42;1.761114
43;1.477301
44;1.628941
45;3.294636
46;3.028135
47;2.386148
48;11.214314
49;4.208089
50;24.636156
*
32
5
1;1.347501
2;4.255920
3;2.958283
4;2.442044
5;4.545504
-
50
1;1.324942
2;4.191158
3;2.945132
4;2.416491
5;4.538429
6;3.750728
7;2.904188
8;2.858338
9;3.502589
10;7.174689
11;4.794805
12;66.446203
13;12.224128
14;34.822453
15;54.670823
16;34.877892
17;22.279722
18;1.793627
19;34.782681
20;24.433796
21;22.442191
22;1.823578
23;2.194010
24;1.649347
25;2.656886
26;2.233585
27;36.092332
28;2.669742
29;4.007713
30;1.867906
31;15.569883
32;3.339415
33;5.666409
34;33.139350
35;80.579381
36;1.739200
37;32.957004
38;8.177836
39;27.363475
40;59.836103
41;1.356210
42;1.765994
43;1.516260
44;1.627595
45;3.372182
46;3.040396
47;2.396024
48;11.269488
49;4.211802
50;24.767998
5
1;1.348535
2;4.249836
3;2.959492
4;2.436932
5;4.534045
-
50
1;1.321699
2;4.197776
3;2.934737
4;2.404775
5;4.475072
6;3.752593
7;2.897021
8;2.864088
9;3.491151
10;7.143838
11;4.780148
12;65.942464
13;12.059605
14;34.639932
15;54.326880
16;34.713506
17;22.170061
18;1.780777
19;34.662079
20;24.223266
21;22.254932
22;1.823724
23;2.163328
24;1.656172
25;2.631719
26;2.236887
27;35.908537
28;2.669973
29;4.024772
30;1.873573
31;15.394891
32;3.304159
33;5.656174
34;32.853787
35;79.923169
36;1.734169
37;32.691337
38;8.123642
39;27.130684
40;59.383052
41;1.355509
42;1.760531
43;1.475696
44;1.631872
45;3.336726
46;3.033336
47;2.392805
48;11.184825
49;4.202048
50;24.534874
5
1;1.349374
2;4.250821
3;2.965808
4;2.443580
5;4.531130
-
50
1;1.322515
2;4.203437
3;2.923222
4;2.399674
5;4.481309
6;3.753309
7;2.903506
8;2.860799
9;3.518506
10;7.182227
11;4.798806
12;66.257152
13;12.186348
14;34.725476
15;54.531817
16;34.705039
17;22.201328
18;1.800094
19;34.820681
20;24.355090
21;22.381448
22;1.849212
23;2.170289
24;1.654479
25;2.615704
26;2.235569
27;35.923288
28;2.675835
29;4.009150
30;1.873613
31;15.517048
32;3.332535
33;5.674516
34;33.017250
35;80.441663
36;1.737112
37;32.840228
38;8.169995
39;27.254053
40;59.654319
41;1.354027
42;1.771041
43;1.480442
44;1.687024
45;3.308266
46;3.048516
47;2.390622
48;11.243884
49;4.197450
50;24.697741
5
1;1.350705
2;4.238123
3;2.951629
4;2.441728
5;4.546632
-
50
1;1.324130
2;4.203483
3;2.925435
4;2.398263
5;4.480393
6;3.756354
7;2.907614
8;2.863164
9;3.497134
10;7.176486
11;4.791572
12;66.373511
13;11.927195
14;34.827224
15;54.563079
16;34.766022
17;22.166836
18;1.789770
19;34.712020
20;24.364730
21;22.414789
22;1.816516
23;2.171042
24;1.660672
25;2.696312
26;2.229699
27;36.093202
28;2.669004
29;4.003147
30;1.872361
31;15.544221
32;3.342964
33;5.571103
34;33.102295
35;80.608446
36;1.737853
37;32.922051
38;8.159553
39;27.310706
40;59.693800
41;1.355126
42;1.760840
43;1.485312
44;1.626855
45;3.292741
46;3.049916
47;2.394166
48;11.232417
49;4.209147
50;24.747163
5
1;1.348578
2;4.253878
3;2.953133
4;2.442409
5;4.597335
-
50
1;1.322126
2;4.195510
3;2.926901
4;2.388078
5;4.476170
6;3.782291
7;2.905165
8;2.875790
9;3.492699
10;7.159106
11;4.790399
12;66.099341
13;12.100139
14;34.689819
15;54.415563
16;34.681023
17;22.151311
18;1.783248
19;34.589346
20;24.239658
21;22.282705
22;1.826203
23;2.173732
24;1.660012
25;2.644064
26;2.232530
27;35.981135
28;2.666501
29;4.001670
30;1.875828
31;15.412933
32;3.316490
33;5.632475
34;32.916546
35;80.016776
36;1.745204
37;32.791171
38;8.138695
39;27.193390
40;59.509162
41;1.357461
42;1.761449
43;1.476582
44;1.628653
45;3.296296
46;3.042905
47;2.391114
48;11.211010
49;4.193299
50;24.595921
*
48
5
1;1.352743
2;4.253319
3;2.968149
4;2.527405
5;4.549347
-
50
1;1.327504
2;4.203047
3;2.922193
4;2.400241
5;4.491062
6;3.818329
7;2.907253
8;2.867841
9;3.502869
10;7.170095
11;4.871542
12;66.258521
13;12.181471
14;34.798769
15;54.523601
16;34.768958
17;22.215706
18;1.784893
19;34.747930
20;24.317070
21;22.292726
22;1.825513
23;2.165844
24;1.651599
25;2.675126
26;2.241896
27;35.978628
28;2.664670
29;4.008826
30;1.874719
31;15.447008
32;3.309018
33;5.657946
34;32.701375
35;80.185168
36;1.739456
37;32.534770
38;8.138007
39;27.212735
40;59.560784
41;1.355312
42;1.777623
43;1.484045
44;1.632382
45;3.317059
46;3.046935
47;2.392548
48;11.224263
49;4.203833
50;24.624054
5
1;1.350355
2;4.258607
3;2.955587
4;2.445067
5;4.548707
-
50
1;1.324577
2;4.201515
3;2.937479
4;2.393087
5;4.467145
6;3.744180
7;2.898847
8;2.873641
9;3.492573
10;7.156044
11;4.783647
12;66.066592
13;12.115217
14;34.677263
15;54.361220
16;34.690854
17;22.101812
18;1.791096
19;34.565330
20;24.350534
21;22.321152
22;1.822270
23;2.161204
24;1.650348
25;2.638342
26;2.234322
27;35.912639
28;2.652144
29;3.998494
30;1.908718
31;15.549258
32;3.300673
33;5.640518
34;32.881105
35;80.076914
36;1.730238
37;32.734951
38;8.133906
39;27.255516
40;59.491974
41;1.358665
42;1.761321
43;1.476235
44;1.631280
45;3.318667
46;3.067114
47;2.403056
48;11.217822
49;4.205897
50;24.600596
5
1;1.351525
2;4.255178
3;2.958751
4;2.437190
5;4.581910
-
50
1;1.333070
2;4.195524
3;2.923712
4;2.404412
5;4.487464
6;3.755049
7;2.919781
8;2.866463
9;3.496514
10;7.174303
11;4.797683
12;66.009166
13;12.102837
14;34.781893
15;54.419226
16;34.757526
17;22.118672
18;1.783780
19;34.724718
20;24.277310
21;22.286824
22;1.823314
23;2.172172
24;1.659312
25;2.695211
26;2.233083
27;35.953125
28;2.663821
29;4.010626
30;1.919393
31;15.390949
32;3.304404
33;5.770700
34;32.862926
35;80.124104
36;1.739172
37;32.760444
38;8.122101
39;26.850680
40;59.454407
41;1.356649
42;1.787050
43;1.489195
44;1.652232
45;3.322416
46;3.085858
47;2.389635
48;11.201714
49;4.197278
50;24.465744
5
1;1.351391
2;4.303988
3;3.007571
4;2.443994
5;4.541080
-
50
1;1.326929
2;4.204802
3;2.944687
4;2.394571
5;4.463800
6;3.727254
7;2.905107
8;2.858773
9;3.486062
10;7.160476
11;4.809130
12;66.028036
13;12.093516
14;34.680023
15;54.416158
16;34.667841
17;22.086553
18;1.785243
19;34.637673
20;24.310423
21;22.245806
22;1.827261
23;2.162356
24;1.647204
25;2.649216
26;2.247005
27;36.070248
28;2.661551
29;4.003235
30;1.874964
31;15.469174
32;3.304842
33;5.641185
34;32.918309
35;80.059354
36;1.736320
37;32.798549
38;8.036424
39;27.155410
40;59.422325
41;1.354707
42;1.765315
43;1.479927
44;1.636205
45;3.294984
46;3.040764
47;2.382097
48;11.201118
49;4.193194
50;24.605716
5
1;1.344194
2;4.246177
3;2.975223
4;2.434444
5;4.583858
-
50
1;1.325174
2;4.199591
3;2.936252
4;2.401837
5;4.556478
6;3.738195
7;2.906719
8;2.860723
9;3.509662
10;7.175902
11;4.780936
12;66.114550
13;12.210241
14;34.741329
15;54.450190
16;34.663715
17;22.161346
18;1.856951
19;34.694298
20;24.263476
21;22.352593
22;1.824899
23;2.166887
24;1.649676
25;2.626633
26;2.236070
27;35.957948
28;2.671453
29;4.014993
30;1.880194
31;15.038740
32;3.338428
33;5.653871
34;32.967404
35;80.029503
36;1.736804
37;32.791521
38;8.147543
39;27.192878
40;59.525563
41;1.354866
42;1.760751
43;1.512032
44;1.631149
45;3.309879
46;3.104148
47;2.381887
48;11.200267
49;4.024156
50;24.627164
&
entradas/human_genoma_grande
*
2
5
1;6.715553
2;9.644430
3;9.089194
4;8.912279
5;7.078112
-
50
1;6.548580
2;10.069310
3;9.013178
4;8.833155
5;7.043760
6;8.558875
7;5.773525
8;9.761722
9;11.057653
10;9.606855
11;9.955938
12;10.001990
13;7.428956
14;7.109754
15;8.172186
16;7.105287
17;8.664116
18;13.399994
19;9.524625
20;12.129978
21;9.480617
22;10.440390
23;97.829576
24;48.672467
25;5.118941
26;38.533627
27;4.013046
28;5.169567
29;4.360175
30;94.781707
31;5.186913
32;89.380364
33;4.603367
34;46.418869
35;94.458268
36;4.733339
37;38.579838
38;10.690503
39;4.476968
40;4.868074
41;6.162818
42;85.873203
43;39.953273
44;13.730155
45;6.732731
46;4.364961
47;49.446902
48;4.082376
49;7.443999
50;8.206301
5
1;6.732679
2;9.643760
3;9.079446
4;8.928872
5;7.056392
-
50
1;6.603386
2;9.570984
3;9.021875
4;8.837633
5;6.998499
6;8.589997
7;5.744659
8;9.669030
9;11.059514
10;9.589845
11;9.940408
12;10.004434
13;7.429983
14;7.069626
15;8.176849
16;7.071755
17;8.607833
18;13.408632
19;9.521823
20;12.163220
21;9.508648
22;10.780595
23;98.513195
24;49.250715
25;5.122860
26;38.418492
27;4.024506
28;5.164331
29;4.353398
30;95.696672
31;5.162089
32;88.971420
33;4.594279
34;46.430948
35;94.076874
36;4.715915
37;39.133786
38;10.560341
39;4.459966
40;4.865148
41;6.179384
42;85.855971
43;40.001620
44;13.161931
45;6.721387
46;4.366735
47;49.452822
48;4.084965
49;7.438014
50;8.201580
5
1;6.714963
2;9.672196
3;9.121966
4;8.936297
5;7.081177
-
50
1;6.597679
2;9.537848
3;9.055526
4;8.844908
5;7.003968
6;8.548257
7;5.778180
8;9.691373
9;11.057903
10;9.606151
11;9.990863
12;10.049007
13;7.428940
14;7.102600
15;8.170010
16;7.089999
17;8.591070
18;13.444896
19;9.568867
20;12.163354
21;9.495610
22;10.455803
23;98.042092
24;48.817040
25;5.132539
26;38.374963
27;4.028917
28;5.168063
29;4.374859
30;94.913696
31;5.200962
32;89.299828
33;4.603251
34;46.510002
35;94.513796
36;4.726650
37;38.650598
38;10.708297
39;4.455071
40;4.849349
41;6.179716
42;85.850314
43;39.989766
44;14.057859
45;6.732743
46;4.375350
47;49.434470
48;4.082740
49;7.448069
50;8.218185
5
1;6.728266
2;9.652546
3;9.103633
4;8.915616
5;7.077481
-
50
1;6.581648
2;9.578147
3;9.040211
4;8.839143
5;7.000831
6;8.556624
7;5.746698
8;9.693771
9;11.077934
10;9.574463
11;9.950175
12;10.078436
13;7.408276
14;7.060186
15;8.222779
16;7.073526
17;8.582544
18;13.406333
19;9.520951
20;12.155594
21;9.482548
22;10.427875
23;98.311060
24;49.232593
25;5.132742
26;38.562622
27;4.026629
28;5.177676
29;4.358434
30;95.771180
31;5.178767
32;89.214114
33;4.607706
34;46.928247
35;94.555848
36;4.724157
37;38.526003
38;10.817813
39;4.445767
40;4.843504
41;6.162089
42;85.722433
43;39.966442
44;13.156408
45;6.709491
46;4.364010
47;49.361841
48;4.085535
49;7.450674
50;8.216850
5
1;6.731162
2;9.660214
3;9.077264
4;8.920019
5;7.096496
-
50
1;6.588668
2;9.631674
3;9.024656
4;8.846561
5;7.035758
6;8.574013
7;5.767558
8;9.714260
9;11.059439
10;9.582950
11;9.981583
12;10.064533
13;7.419872
14;7.078030
15;8.200708
16;7.069285
17;8.585276
18;13.399120
19;9.537771
20;12.130208
21;9.485611
22;10.286772
23;98.005747
24;48.698417
25;5.111276
26;38.403454
27;4.022614
28;5.170506
29;4.364365
30;95.057065
31;5.194479
32;89.183840
33;4.630828
34;46.483691
35;94.024715
36;4.718676
37;38.911189
38;10.827699
39;4.446838
40;4.839967
41;6.622204
42;85.879756
43;39.978848
44;13.161616
45;6.736204
46;4.374788
47;49.450295
48;4.093550
49;7.451315
50;8.235657
*
4
5
1;3.964063
2;5.662457
3;5.418510
4;5.319121
5;4.066845
-
50
1;3.876939
2;5.630063
3;5.381898
4;5.264650
5;4.042907
6;4.964138
7;3.315186
8;5.702824
9;6.759289
10;5.639724
11;5.952301
12;5.993165
13;4.291193
14;4.210530
15;4.863589
16;4.075250
17;5.050380
18;7.870919
19;5.571468
20;7.585487
21;5.589418
22;6.634007
23;59.455821
24;31.369199
25;2.975580
26;24.780823
27;2.346416
28;3.014253
29;2.530721
30;57.487164
31;3.357135
32;53.250640
33;2.699961
34;30.176713
35;56.209513
36;2.765006
37;25.629352
38;7.518848
39;2.817605
40;2.813051
41;3.558652
42;53.350809
43;26.260851
44;8.789625
45;4.427078
46;2.546795
47;31.663040
48;2.349314
49;4.381592
50;4.787332
5
1;3.963600
2;5.674241
3;5.426786
4;5.313154
5;4.077725
-
50
1;3.873552
2;5.632262
3;5.406050
4;5.278425
5;4.046463
6;4.962469
7;3.305566
8;5.700450
9;6.739096
10;5.621779
11;5.919644
12;6.011422
13;4.297252
14;4.231938
15;4.917433
16;4.082680
17;5.049166
18;7.888989
19;5.599228
20;7.524384
21;5.607206
22;6.339492
23;59.501701
24;31.359150
25;2.982033
26;24.839423
27;2.344151
28;3.012559
29;2.525224
30;57.521484
31;3.364930
32;53.332612
33;2.706303
34;30.193771
35;56.853315
36;2.758115
37;24.886457
38;6.727118
39;2.839292
40;2.818615
41;3.563120
42;53.404217
43;26.249735
44;9.228045
45;4.421983
46;2.538462
47;31.673823
48;2.353887
49;4.383923
50;4.757280
5
1;3.964399
2;5.659875
3;5.418668
4;5.297070
5;4.074425
-
50
1;3.874357
2;5.620107
3;5.372815
4;5.265338
5;4.030975
6;4.980745
7;3.313961
8;5.695704
9;6.752597
10;5.630010
11;5.916462
12;5.981552
13;4.298985
14;4.219930
15;4.869245
16;4.109829
17;5.052847
18;7.862833
19;5.556815
20;7.496397
21;5.598261
22;6.348772
23;59.324766
24;31.550577
25;2.972709
26;24.820364
27;2.347891
28;3.006748
29;2.528622
30;57.473227
31;3.368357
32;54.046386
33;2.690199
34;29.682398
35;56.809212
36;2.762333
37;25.593419
38;6.970296
39;2.817612
40;2.808517
41;3.580491
42;53.388068
43;26.318860
44;9.574882
45;4.407089
46;2.537610
47;32.227608
48;2.353605
49;4.369889
50;4.746992
5
1;3.963679
2;5.635821
3;5.469922
4;5.254727
5;4.032559
-
50
1;3.882941
2;5.638415
3;5.390494
4;5.270477
5;4.041349
6;4.966138
7;3.312478
8;5.713514
9;6.746968
10;5.642880
11;5.919669
12;6.021421
13;4.311516
14;4.515618
15;4.868460
16;4.103313
17;5.083837
18;7.896200
19;5.562858
20;7.467153
21;5.571840
22;6.049357
23;58.942563
24;30.792120
25;2.972929
26;24.734935
27;2.347556
28;3.010757
29;2.533001
30;56.802540
31;3.372157
32;53.814519
33;2.685888
34;29.639646
35;56.095797
36;2.756474
37;24.799771
38;6.969764
39;2.813281
40;2.807072
41;3.565767
42;53.333233
43;26.217315
44;9.098443
45;4.418674
46;2.538453
47;31.587791
48;2.359298
49;4.381885
50;4.757331
5
1;3.925428
2;5.679802
3;5.435363
4;5.298314
5;4.072933
-
50
1;3.879775
2;5.627866
3;5.381724
4;5.300305
5;4.041176
6;4.977590
7;3.306689
8;5.710399
9;6.766909
10;5.639396
11;5.918541
12;5.996436
13;4.301848
14;4.221098
15;4.882640
16;4.073434
17;5.051718
18;7.901618
19;5.573375
20;7.509925
21;5.598374
22;6.241937
23;59.185629
24;30.868542
25;2.980041
26;25.130170
27;2.342880
28;3.011857
29;2.532113
30;57.178696
31;3.359267
32;54.075623
33;2.692310
34;29.714001
35;56.951811
36;2.761098
37;24.906411
38;6.923991
39;2.819076
40;2.819210
41;3.553520
42;53.510104
43;26.293046
44;9.231298
45;4.408408
46;2.529261
47;31.670022
48;2.361662
49;4.386812
50;4.747289
*
8
5
1;2.397764
2;3.435617
3;3.311725
4;3.254267
5;2.351643
-
50
1;2.342170
2;3.411068
3;3.289809
4;3.221524
5;2.338492
6;2.988326
7;1.948037
8;3.442025
9;4.304969
10;3.359598
11;3.578882
12;3.752875
13;2.492811
14;2.592819
15;2.953546
16;2.398641
17;3.064301
18;4.883927
19;3.449568
20;5.394286
21;3.553376
22;4.126859
23;48.296401
24;23.270015
25;1.709556
26;18.770151
27;1.385774
28;1.796094
29;1.497985
30;42.888781
31;2.337520
32;38.632537
33;1.584581
34;22.233998
35;42.070846
36;1.613641
37;19.927625
38;5.402274
39;1.888020
40;1.628658
41;2.041739
42;43.675114
43;19.648105
44;7.890920
45;3.073882
46;1.501174
47;23.553769
48;1.356676
49;2.564829
50;2.740547
5
1;2.396566
2;3.459457
3;3.326152
4;3.248470
5;2.349004
-
50
1;2.342756
2;3.406092
3;3.296597
4;3.240020
5;2.336033
6;2.982276
7;1.962568
8;3.432804
9;4.298607
10;3.357676
11;3.618486
12;3.764704
13;2.497710
14;2.595543
15;2.948161
16;2.369741
17;3.065247
18;4.879444
19;3.442999
20;5.278959
21;3.568858
22;4.238784
23;48.421049
24;23.418181
25;1.711822
26;18.785979
27;1.386382
28;1.798761
29;1.499925
30;43.364376
31;2.337746
32;38.800848
33;1.583061
34;22.307849
35;42.092346
36;1.596229
37;20.362874
38;5.315572
39;2.052311
40;1.633345
41;2.046485
42;43.590909
43;19.410748
44;7.373212
45;3.063046
46;1.490002
47;23.553967
48;1.362491
49;2.562434
50;2.742438
5
1;2.390908
2;3.437604
3;3.329081
4;3.238002
5;2.348541
-
50
1;2.347702
2;3.407830
3;3.293000
4;3.233595
5;2.325824
6;2.977424
7;1.948049
8;3.438100
9;4.301985
10;3.332469
11;3.572366
12;3.755412
13;2.513928
14;2.600834
15;2.962303
16;2.370301
17;3.055888
18;4.862228
19;3.448645
20;5.267850
21;3.551496
22;4.100998
23;48.214435
24;22.908983
25;1.704388
26;18.757728
27;1.388474
28;1.785361
29;1.496243
30;42.928757
31;2.334722
32;38.917882
33;1.578637
34;22.166347
35;41.991309
36;1.592706
37;20.361504
38;5.155928
39;1.875076
40;1.623655
41;2.034636
42;43.557235
43;19.412614
44;7.638056
45;3.061719
46;1.478042
47;23.488728
48;1.357617
49;2.558148
50;2.729081
5
1;2.397122
2;3.432378
3;3.316144
4;3.250536
5;2.357486
-
50
1;2.345714
2;3.418766
3;3.294733
4;3.223392
5;2.343944
6;2.983210
7;1.947107
8;3.452687
9;4.308509
10;3.361395
11;3.587753
12;3.754450
13;2.499521
14;2.597705
15;2.947519
16;2.371350
17;3.069308
18;4.858949
19;3.446236
20;5.375578
21;3.568634
22;4.393471
23;48.296745
24;22.933048
25;1.709583
26;18.796128
27;1.390141
28;1.790468
29;1.497770
30;42.795218
31;2.339373
32;38.278231
33;1.576337
34;22.245433
35;42.043535
36;1.597370
37;20.354824
38;5.461303
39;1.878436
40;1.621233
41;2.043357
42;43.552409
43;19.305493
44;7.429202
45;3.060613
46;1.479210
47;23.523630
48;1.356001
49;2.565970
50;2.730954
5
1;2.396966
2;3.438080
3;3.335555
4;3.248078
5;2.354577
-
50
1;2.338742
2;3.407382
3;3.288627
4;3.225860
5;2.330316
6;2.991134
7;1.949851
8;3.446903
9;4.306233
10;3.384090
11;3.620871
12;3.768130
13;2.498225
14;2.609838
15;2.959952
16;2.374861
17;3.063239
18;4.861874
19;3.476349
20;5.254018
21;3.547901
22;3.943855
23;48.146534
24;22.776458
25;1.712986
26;18.839465
27;1.384759
28;1.789529
29;1.497215
30;42.843337
31;2.365642
32;39.159674
33;1.585396
34;22.289132
35;42.695222
36;1.595800
37;20.390891
38;5.151648
39;1.885153
40;1.621882
41;2.045968
42;43.612444
43;19.474345
44;7.972707
45;3.052615
46;1.488274
47;23.554519
48;1.358206
49;2.566671
50;2.750004
*
16
5
1;4.960883
2;1.927718
3;1.954948
4;1.880839
5;1.315415
-
50
1;1.282686
2;1.913452
3;1.930887
4;1.845597
5;1.290072
6;1.619963
7;1.114461
8;1.840328
9;2.661370
10;1.931621
11;2.177642
12;2.173992
13;1.381421
14;1.536451
15;1.739859
16;1.349006
17;1.860071
18;3.125321
19;2.178182
20;3.886648
21;2.286426
22;2.850939
23;35.436225
24;19.349095
25;0.918562
26;17.278089
27;0.781763
28;0.927233
29;0.762593
30;34.900981
31;1.728926
32;34.440447
33;0.865321
34;18.886297
35;34.913904
36;0.888045
37;17.025935
38;4.604847
39;1.336094
40;0.896866
41;1.122593
42;35.980554
43;17.381600
44;7.047086
45;2.262383
46;0.803262
47;22.110463
48;0.748965
49;1.461542
50;1.496565
5
1;1.291368
2;1.925564
3;1.948141
4;1.866717
5;1.303333
-
50
1;1.261822
2;1.920148
3;1.931078
4;1.853852
5;1.288988
6;1.620546
7;1.115222
8;1.848595
9;2.641323
10;1.938440
11;2.148807
12;2.149311
13;1.370609
14;1.522242
15;1.740857
16;1.352502
17;1.853865
18;3.140081
19;2.190151
20;3.895808
21;2.295929
22;2.776787
23;35.645707
24;19.934227
25;0.913725
26;17.283201
27;0.782019
28;0.928496
29;0.763093
30;35.104633
31;1.705382
32;34.716173
33;0.854756
34;18.843246
35;34.460123
36;0.969877
37;16.016800
38;4.903442
39;1.307852
40;0.889630
41;1.127746
42;35.886304
43;16.755943
44;6.884866
45;2.280758
46;0.809202
47;22.072826
48;0.746642
49;1.482956
50;1.496508
5
1;1.288625
2;1.940737
3;1.951698
4;1.869870
5;1.307063
-
50
1;1.265002
2;1.925799
3;1.930963
4;1.850977
5;1.294443
6;1.607447
7;1.111735
8;1.843174
9;2.705532
10;1.928620
11;2.180621
12;2.177060
13;1.375202
14;1.525273
15;1.737659
16;1.347139
17;1.850593
18;3.120229
19;2.177108
20;3.915702
21;2.280170
22;2.686071
23;35.807543
24;19.134920
25;0.913982
26;17.244301
27;0.781434
28;0.923525
29;0.766359
30;35.344818
31;1.698963
32;35.276487
33;0.859453
34;19.014428
35;35.190936
36;0.891757
37;15.994390
38;4.776560
39;1.304235
40;0.887209
41;1.138163
42;35.765542
43;16.771106
44;6.470976
45;2.271122
46;0.801881
47;21.461581
48;0.748002
49;1.462493
50;1.495547
5
1;1.290499
2;1.934957
3;1.950098
4;1.868977
5;1.304247
-
50
1;1.260745
2;1.911004
3;1.932578
4;1.853883
5;1.293121
6;1.612536
7;1.112134
8;1.844968
9;2.642612
10;1.939833
11;2.175674
12;2.174517
13;1.369000
14;1.519654
15;1.735967
16;1.351321
17;1.854257
18;3.128916
19;2.185403
20;3.904975
21;2.288867
22;2.663340
23;34.865308
24;19.169413
25;0.924458
26;17.314332
27;0.784158
28;0.933919
29;0.765155
30;35.233608
31;1.705742
32;34.723595
33;0.863118
34;19.125827
35;34.379879
36;0.895833
37;15.983028
38;4.603323
39;1.306709
40;0.893287
41;1.126234
42;35.793345
43;17.293781
44;6.394734
45;2.272012
46;0.807628
47;21.479635
48;0.749947
49;1.463938
50;1.501029
5
1;1.290518
2;1.934875
3;1.947170
4;1.872887
5;1.362315
-
50
1;1.262498
2;1.866576
3;1.933099
4;1.862330
5;1.294176
6;1.617099
7;1.121855
8;1.843546
9;2.634566
10;1.938604
11;2.158967
12;2.181825
13;1.385064
14;1.533884
15;1.740540
16;1.351119
17;1.864160
18;3.139192
19;2.196303
20;3.926972
21;2.288796
22;3.071689
23;35.718539
24;18.988353
25;0.923458
26;17.317650
27;0.785360
28;0.933090
29;0.766210
30;35.496098
31;1.700558
32;34.369394
33;0.856670
34;19.381822
35;35.078571
36;0.893481
37;16.046756
38;5.226381
39;1.305910
40;0.887818
41;1.125958
42;35.897178
43;16.803011
44;7.257357
45;2.259841
46;0.808230
47;22.091634
48;0.744799
49;1.463687
50;1.493941
*
32
5
1;1.317625
2;1.922992
3;1.997357
4;1.861704
5;1.299964
-
50
1;1.262261
2;1.875653
3;1.929427
4;1.841523
5;1.286380
6;1.606994
7;1.147831
8;1.980189
9;2.653844
10;1.893493
11;2.125614
12;2.128861
13;1.379818
14;1.510382
15;1.749641
16;1.345784
17;1.855360
18;3.118148
19;2.186358
20;3.974323
21;2.281895
22;2.663762
23;36.007604
24;19.445619
25;0.923987
26;17.337767
27;0.778119
28;1.009339
29;0.842261
30;35.341309
31;1.698776
32;35.204359
33;0.864802
34;19.194433
35;35.351803
36;0.892884
37;15.130632
38;3.965439
39;1.345801
40;0.888455
41;1.133259
42;35.514109
43;15.882539
44;5.607481
45;2.259698
46;0.795720
47;21.956308
48;0.753500
49;1.456684
50;1.493100
5
1;1.324255
2;1.883230
3;1.942420
4;1.863872
5;1.299729
-
50
1;1.279895
2;1.862812
3;2.016629
4;1.847131
5;1.289352
6;1.649790
7;1.107653
8;1.829698
9;2.644797
10;1.899583
11;2.118711
12;2.160082
13;1.369288
14;1.538797
15;1.742695
16;1.345853
17;1.846632
18;3.134029
19;2.212794
20;3.926517
21;2.270920
22;2.735492
23;35.746595
24;19.515686
25;0.959561
26;17.563384
27;0.806638
28;0.981186
29;0.876661
30;34.819828
31;1.808227
32;34.667049
33;0.851055
34;19.064450
35;34.489802
36;0.894782
37;15.028950
38;4.166065
39;1.306040
40;0.892377
41;1.167340
42;35.545132
43;15.681399
44;5.468710
45;2.257224
46;0.861510
47;22.354268
48;0.746670
49;1.466342
50;1.483589
5
1;1.283986
2;1.874937
3;1.939292
4;1.870964
5;1.299948
-
50
1;1.283130
2;1.873398
3;1.925098
4;1.842246
5;1.287129
6;1.617403
7;1.103751
8;1.846743
9;2.692819
10;1.900832
11;2.132787
12;2.128399
13;1.373606
14;1.558025
15;1.790141
16;1.395265
17;1.912158
18;3.110697
19;2.173841
20;3.883546
21;2.280564
22;2.796590
23;35.872393
24;19.265551
25;0.917437
26;17.309323
27;0.777929
28;0.925764
29;0.762829
30;35.237319
31;1.707460
32;34.412802
33;0.854455
34;19.004100
35;34.617462
36;0.960136
37;15.513534
38;4.294302
39;1.314495
40;0.932809
41;1.121191
42;35.762691
43;15.732896
44;5.606708
45;2.273600
46;0.807495
47;22.525869
48;0.746259
49;1.461000
50;1.478957
5
1;1.333786
2;1.927552
3;1.957452
4;1.866525
5;1.300187
-
50
1;1.305346
2;1.869244
3;1.935908
4;1.850761
5;1.292767
6;1.619461
7;1.112456
8;1.835851
9;2.653873
10;1.866177
11;2.160662
12;2.102302
13;1.365679
14;1.485402
15;1.758472
16;1.339425
17;1.886864
18;3.103553
19;2.182558
20;3.978884
21;2.307863
22;2.949602
23;36.130916
24;19.697224
25;0.970885
26;17.263358
27;0.782322
28;0.957976
29;0.862150
30;35.425477
31;1.699578
32;34.998452
33;0.891737
34;19.520859
35;34.496515
36;0.892307
37;15.529365
38;4.194893
39;1.340317
40;0.884045
41;1.129246
42;35.223537
43;15.753409
44;5.349151
45;2.256552
46;0.802427
47;21.595632
48;0.745151
49;1.458899
50;1.508228
5
1;1.290141
2;1.880868
3;1.944777
4;1.872408
5;1.298258
-
50
1;1.312623
2;1.906426
3;1.929523
4;1.858538
5;1.283354
6;1.614053
7;1.110706
8;1.824464
9;2.724795
10;1.880306
11;2.166153
12;2.237513
13;1.420172
14;1.504535
15;1.735449
16;1.354635
17;1.891401
18;3.116363
19;2.235834
20;4.065164
21;2.293968
22;3.079232
23;36.058563
24;19.362054
25;0.915509
26;17.264280
27;0.857159
28;0.975054
29;0.764308
30;35.358516
31;1.725581
32;34.558304
33;0.849376
34;19.034619
35;34.432956
36;0.893214
37;15.338598
38;4.125413
39;1.306515
40;0.883618
41;1.200374
42;35.853018
43;15.839979
44;5.915814
45;2.263807
46;0.802985
47;21.725826
48;0.746643
49;1.455463
50;1.489312
*
48
5
1;1.347118
2;1.929468
3;1.960071
4;1.892832
5;1.303662
-
50
1;1.304580
2;1.867203
3;1.930526
4;1.870083
5;1.290390
6;1.673403
7;1.128801
8;1.869564
9;2.736237
10;1.959065
11;2.113350
12;2.236839
13;1.360323
14;1.525662
15;1.735964
16;1.349970
17;1.942844
18;3.128826
19;2.261969
20;4.029748
21;2.341279
22;3.041129
23;35.889053
24;19.613793
25;0.932450
26;17.384528
27;0.840583
28;0.962044
29;0.839488
30;35.073915
31;1.721840
32;34.761535
33;0.860768
34;18.879604
35;35.049486
36;0.973375
37;15.686522
38;4.223829
39;1.323571
40;0.936230
41;1.131556
42;35.454755
43;15.862658
44;6.514264
45;2.260157
46;0.862124
47;21.845405
48;0.767119
49;1.455982
50;1.540560
5
1;1.330085
2;1.925759
3;1.987442
4;1.894453
5;1.299957
-
50
1;1.291428
2;1.859706
3;1.949538
4;1.895431
5;1.293841
6;1.622046
7;1.118655
8;1.912302
9;2.647152
10;1.867399
11;2.147478
12;2.156161
13;1.363074
14;1.523916
15;1.740733
16;1.348208
17;1.848168
18;3.119012
19;2.237054
20;3.896302
21;2.364838
22;3.254519
23;35.765360
24;19.345831
25;0.963616
26;17.305989
27;0.840193
28;0.967733
29;0.778051
30;34.783692
31;1.756775
32;34.220727
33;0.877788
34;19.123768
35;34.641569
36;0.921729
37;15.222375
38;4.688720
39;1.335809
40;0.954629
41;1.174572
42;35.668325
43;15.868682
44;6.446482
45;2.267793
46;0.803534
47;21.902511
48;0.780814
49;1.460299
50;1.547437
5
1;1.344138
2;1.927611
3;1.977545
4;1.872738
5;1.302337
-
50
1;1.291270
2;1.925872
3;1.949347
4;1.876489
5;1.291598
6;1.610083
7;1.207096
8;1.864954
9;2.733445
10;1.977217
11;2.114405
12;2.163042
13;1.405964
14;1.495079
15;1.761690
16;1.396298
17;1.947492
18;3.115467
19;2.288966
20;4.024842
21;2.281718
22;2.831100
23;35.913212
24;19.515192
25;0.916486
26;17.302891
27;0.825381
28;0.978178
29;0.840180
30;34.895876
31;1.721915
32;33.711622
33;0.872194
34;19.011299
35;34.583984
36;0.901556
37;15.003175
38;3.938451
39;1.401267
40;0.899945
41;1.163168
42;35.269605
43;15.811318
44;5.655273
45;2.334707
46;0.851550
47;22.479211
48;0.778765
49;1.455664
50;1.489603
5
1;1.321608
2;1.880653
3;1.950142
4;1.887145
5;1.299100
-
50
1;1.257497
2;1.911248
3;2.019653
4;1.903996
5;1.290710
6;1.637897
7;1.110163
8;1.829230
9;2.642627
10;1.907049
11;2.181971
12;2.172852
13;1.367299
14;1.526580
15;1.818853
16;1.347967
17;1.858657
18;3.125193
19;2.207005
20;4.014755
21;2.301611
22;3.316683
23;36.305736
24;19.972953
25;0.937550
26;17.303121
27;0.848549
28;0.994841
29;0.847948
30;35.723941
31;1.729978
32;35.044263
33;0.935666
34;19.196741
35;34.522298
36;0.982093
37;15.258768
38;4.256086
39;1.313990
40;0.916750
41;1.120882
42;35.998457
43;16.076267
44;6.690709
45;2.264873
46;0.820555
47;21.677488
48;0.766631
49;1.457556
50;1.489529
5
1;1.367455
2;1.930344
3;1.976733
4;1.869958
5;1.367137
-
50
1;1.321676
2;1.937477
3;1.963856
4;1.886744
5;1.292817
6;1.707067
7;1.127770
8;1.875161
9;2.691465
10;1.899495
11;2.197692
12;2.225327
13;1.378320
14;1.485459
15;1.739608
16;1.345563
17;1.854942
18;3.109795
19;2.202512
20;4.067856
21;2.292494
22;2.824145
23;36.212118
24;19.457930
25;0.918876
26;17.850776
27;0.840822
28;1.033772
29;0.768006
30;35.075106
31;1.698450
32;35.127271
33;0.886243
34;19.043547
35;34.951521
36;0.893213
37;15.430660
38;4.524367
39;1.304081
40;0.895778
41;1.127387
42;35.514357
43;15.828485
44;6.201745
45;2.323398
46;0.866935
47;21.838716
48;0.752934
49;1.455939
50;1.486909
