96
&
entradas/human_genoma_pequeno
*
2
10
1;3.448353
2;10.256627
3;7.501089
4;6.518499
5;11.248165
6;9.995957
7;8.129626
8;7.422835
9;9.016798
10;15.411901
10
1;3.436515
2;10.186506
3;7.460801
4;6.483588
5;11.204646
6;9.940106
7;8.137034
8;7.446839
9;9.107673
10;15.352822
10
1;3.443829
2;10.272482
3;7.475942
4;6.496829
5;11.311556
6;10.016721
7;8.153608
8;7.454134
9;9.049342
10;15.393796
10
1;3.427226
2;10.192183
3;7.468540
4;6.472207
5;11.235602
6;10.008980
7;8.149174
8;7.466039
9;9.018298
10;15.384835
10
1;3.452643
2;10.224514
3;7.445886
4;6.468963
5;11.290883
6;10.003000
7;8.134239
8;7.482613
9;9.010088
10;15.417946
*
4
10
1;1.929866
2;5.997957
3;4.207109
4;3.562585
5;6.546348
6;5.533817
7;4.400148
8;4.113943
9;5.028967
10;9.660617
10
1;1.909077
2;5.968368
3;4.253732
4;3.514107
5;6.455811
6;5.456362
7;4.389562
8;4.168030
9;5.021722
10;9.635762
10
1;1.941276
2;5.985023
3;4.237570
4;3.554420
5;6.573028
6;5.521731
7;4.378858
8;4.115119
9;4.995107
10;9.695483
10
1;1.931029
2;6.018451
3;4.256373
4;3.622874
5;6.598642
6;5.538340
7;4.390159
8;4.171317
9;5.039736
10;9.676293
10
1;1.912335
2;6.004563
3;4.256447
4;3.522714
5;6.473618
6;5.486791
7;4.388009
8;4.119241
9;5.031103
10;9.573927
*
8
10
1;1.302455
2;4.162771
3;2.851040
4;2.288053
5;4.377605
6;3.695392
7;2.874462
8;2.791748
9;3.402435
10;7.329416
10
1;1.287094
2;4.134023
3;2.881547
4;2.308447
5;4.423716
6;3.656414
7;2.837790
8;2.766655
9;3.433712
10;7.172586
10
1;1.311299
2;4.152137
3;2.927723
4;2.352651
5;4.551663
6;3.731417
7;2.840796
8;2.748918
9;3.409471
10;7.008784
10
1;1.345402
2;4.178017
3;2.829057
4;2.345838
5;4.424402
6;3.618062
7;2.780666
8;2.760291
9;3.400121
10;7.138175
10
1;1.296223
2;4.210843
3;2.901699
4;2.373636
5;4.425099
6;3.658039
7;2.835790
8;2.816106
9;3.422059
10;7.088297
*
16
10
1;1.320100
2;4.138340
3;2.839700
4;2.383586
5;4.521313
6;3.668357
7;2.866885
8;2.861720
9;3.423020
10;7.077431
10
1;1.301751
2;4.189917
3;2.933855
4;2.357320
5;4.421353
6;3.717982
7;2.834435
8;2.848379
9;3.410204
10;7.138157
10
1;1.314515
2;4.106840
3;2.918169
4;2.355755
5;4.458982
6;3.711723
7;2.866471
8;2.805395
9;3.477057
10;7.105843
10
1;1.311446
2;4.133034
3;2.883140
4;2.358918
5;4.446636
6;3.758354
7;2.844357
8;2.830863
9;3.435867
10;7.206736
10
1;1.318268
2;4.172429
3;2.893787
4;2.323037
5;4.444999
6;3.703331
7;2.858637
8;2.838830
9;3.459717
10;7.137389
*
32
10
1;1.299189
2;4.150749
3;2.890419
4;2.342743
5;4.432229
6;3.693424
7;2.879087
8;2.811566
9;3.374694
10;7.087127
10
1;1.305550
2;4.216455
3;2.895325
4;2.366248
5;4.460150
6;3.718782
7;2.892003
8;2.778622
9;3.408907
10;7.270265
10
1;1.302689
2;4.123861
3;2.859514
4;2.333352
5;4.396849
6;3.678165
7;2.883666
8;2.825338
9;3.410204
10;7.098780
10
1;1.298509
2;4.173985
3;2.882560
4;2.413707
5;4.409699
6;3.660192
7;2.877137
8;2.797388
9;3.451966
10;7.200900
10
1;1.290011
2;4.099253
3;2.871472
4;2.309168
5;4.402476
6;3.694357
7;2.825854
8;2.826686
9;3.446341
10;7.125943
*
64
10
1;1.312082
2;4.204987
3;2.895676
4;2.434452
5;4.392461
6;3.705158
7;2.857564
8;2.837633
9;3.449654
10;7.148647
10
1;1.298272
2;4.123966
3;2.912650
4;2.314721
5;4.434061
6;3.653368
7;2.850098
8;2.780017
9;3.435649
10;7.096564
10
1;1.305325
2;4.247284
3;2.889261
4;2.360404
5;4.466056
6;3.733506
7;2.878588
8;2.801521
9;3.482754
10;7.100786
10
1;1.308544
2;4.094048
3;2.886451
4;2.353459
5;4.402428
6;3.612279
7;2.826287
8;2.809584
9;3.450951
10;7.094603
10
1;1.304841
2;4.090394
3;2.879791
4;2.344983
5;4.392548
6;3.689513
7;2.874029
8;2.777264
9;3.471724
10;7.108153
*
96
10
1;1.358264
2;4.136703
3;2.873915
4;2.350720
5;4.377113
6;3.678025
7;2.826706
8;2.802315
9;3.459608
10;7.070680
10
1;1.307612
2;4.111556
3;2.884049
4;2.365269
5;4.442355
6;3.729403
7;2.864148
8;2.828616
9;3.427024
10;7.144458
10
1;1.312427
2;4.143920
3;2.836947
4;2.360624
5;4.407526
6;3.652751
7;2.850437
8;2.809805
9;3.391499
10;7.059616
10
1;1.322191
2;4.178801
3;2.904882
4;2.345527
5;4.431482
6;3.660259
7;2.887472
8;2.819229
9;3.431235
10;7.139650
10
1;1.307442
2;4.184353
3;2.914588
4;2.342707
5;4.362886
6;3.670322
7;2.821232
8;2.763089
9;3.420698
10;7.056726
!
100
1;1.335833
2;4.180435
3;2.900557
4;2.373090
5;4.392767
6;3.688540
7;2.880033
8;2.808882
9;3.400385
10;7.084555
11;4.716000
12;65.800062
13;12.284205
14;34.822502
15;54.345635
16;34.848330
17;22.430223
18;1.771873
19;34.950049
20;23.928916
21;22.152952
22;1.800179
23;2.118904
24;1.622122
25;2.575162
26;2.203170
27;35.949160
28;2.620840
29;3.957275
30;1.841596
31;15.396519
32;3.264730
33;5.629284
34;33.326582
35;79.670934
36;1.726512
37;33.270278
38;7.882119
39;27.131603
40;60.100764
41;1.334933
42;1.738303
43;1.464329
44;1.608447
45;3.212324
46;2.981827
47;2.331634
48;11.253585
49;4.179235
50;24.710350
51;2.161681
52;4.640387
53;3.795669
54;2.356745
55;2.408143
56;36.506218
57;3.107778
58;2.079911
59;3.275400
60;3.002880
61;2.414377
62;1.872742
63;1.702916
64;2.386043
65;2.481717
66;47.546982
67;1.746151
68;81.165376
69;1.560439
70;2.263240
71;1.930907
72;22.863285
73;2.027184
74;2.400672
75;8.252865
76;1.963944
77;2.120679
78;2.291303
79;2.119572
80;2.081874
81;2.762744
82;64.897416
83;29.081905
84;34.442178
85;1.345675
86;1.949630
87;1.928743
88;19.040132
89;1.726307
90;2.039340
91;2.171892
92;20.540704
93;2.031738
94;2.296954
95;2.282726
96;2.999073
97;101.479220
98;1.908250
99;1.575615
100;1.892276
100
1;1.314789
2;4.152901
3;2.878713
4;2.373272
5;4.380355
6;3.647280
7;2.830903
8;2.818589
9;3.490100
10;7.295061
11;4.778787
12;69.101814
13;12.675092
14;34.457976
15;54.200110
16;34.116682
17;22.302572
18;1.761612
19;34.266122
20;25.142993
21;22.283861
22;1.822601
23;2.155615
24;1.616851
25;2.636394
26;2.231421
27;35.932759
28;2.613572
29;3.984674
30;1.855560
31;16.478976
32;3.354930
33;5.835937
34;33.281089
35;84.169726
36;1.719350
37;33.591147
38;8.545794
39;27.063685
40;59.782191
41;1.357150
42;1.750185
43;1.440883
44;1.595882
45;3.220009
46;2.976620
47;2.377735
48;11.182321
49;4.216124
50;24.352246
51;2.148949
52;4.579748
53;3.774153
54;2.347468
55;2.452236
56;36.548209
57;3.130727
58;2.088808
59;3.299368
60;3.014212
61;2.422054
62;1.878346
63;1.724919
64;2.402460
65;2.516004
66;49.304134
67;1.729646
68;81.023484
69;1.539180
70;2.232225
71;1.932587
72;22.825398
73;2.021694
74;2.378849
75;8.345974
76;1.928507
77;2.111094
78;2.254009
79;2.152873
80;2.083606
81;2.795478
82;64.866317
83;28.872389
84;34.152490
85;1.328508
86;1.968646
87;1.940277
88;18.906975
89;1.746101
90;2.009072
91;2.179840
92;20.295996
93;1.945180
94;2.260740
95;2.261216
96;2.943845
97;100.557331
98;1.927306
99;1.576350
100;1.904828
100
1;1.317225
2;4.152693
3;2.868387
4;2.394795
5;5.242341
6;3.694816
7;2.843820
8;2.830418
9;3.442581
10;7.226733
11;4.836007
12;66.570706
13;12.102804
14;34.940540
15;55.232111
16;34.590521
17;22.146735
18;1.753609
19;34.861974
20;24.313544
21;22.478472
22;1.823011
23;2.160812
24;1.613203
25;2.570083
26;2.167676
27;35.985631
28;2.618050
29;3.972613
30;1.861645
31;15.717513
32;3.280005
33;5.608966
34;32.823628
35;81.365689
36;1.733168
37;32.842942
38;8.013636
39;27.314171
40;59.776248
41;1.329853
42;1.766435
43;1.469870
44;1.609637
45;3.267543
46;3.002870
47;2.344224
48;11.131132
49;4.193220
50;24.191099
51;2.141971
52;4.646749
53;3.759737
54;2.344627
55;2.416982
56;36.901464
57;3.113748
58;2.051007
59;3.324621
60;3.015756
61;2.413210
62;1.881188
63;1.706707
64;2.388975
65;2.478455
66;46.808415
67;1.742408
68;80.262511
69;1.549262
70;2.228856
71;1.928335
72;22.565613
73;2.030571
74;2.362665
75;8.316736
76;1.946359
77;2.099746
78;2.258381
79;2.131695
80;2.073014
81;2.705524
82;65.431778
83;29.115172
84;34.055785
85;1.335889
86;1.940566
87;1.924135
88;18.879573
89;1.729910
90;2.003838
91;2.153159
92;20.174058
93;1.986784
94;2.245063
95;2.334099
96;2.938710
97;102.254164
98;1.947192
99;1.579721
100;1.919667
100
1;1.303933
2;4.136102
3;2.882095
4;2.340759
5;4.420901
6;3.634216
7;2.845071
8;2.806818
9;3.385754
10;7.087840
11;4.730768
12;67.473369
13;12.289595
14;34.420903
15;56.544258
16;35.998243
17;22.339783
18;1.754825
19;34.643428
20;25.355328
21;22.608615
22;1.789443
23;2.132226
24;1.609338
25;2.641942
26;2.220718
27;35.910001
28;2.603307
29;3.952981
30;1.823275
31;15.940475
32;3.320739
33;5.568305
34;32.909596
35;83.990905
36;1.731941
37;33.088013
38;8.174708
39;27.128341
40;60.987132
41;1.345044
42;1.738731
43;1.447719
44;1.619561
45;3.270367
46;2.965331
47;2.321802
48;10.997599
49;4.017708
50;24.787395
51;2.169610
52;4.642489
53;3.818035
54;2.351067
55;2.398716
56;36.090488
57;3.162052
58;2.066093
59;3.365041
60;2.986414
61;2.405288
62;1.869533
63;1.645822
64;2.365550
65;2.519812
66;49.214596
67;1.761022
68;82.240476
69;1.529015
70;2.272287
71;1.967974
72;23.632017
73;2.029732
74;2.426512
75;8.227333
76;1.958447
77;2.110782
78;2.291649
79;2.121079
80;2.069153
81;2.699758
82;67.292513
83;30.295972
84;33.971067
85;1.357596
86;1.938249
87;1.942536
88;18.630236
89;1.751416
90;2.025662
91;2.178177
92;21.231729
93;1.991121
94;2.230188
95;2.266020
96;2.944621
97;105.655525
98;1.934525
99;1.575356
100;1.917923
100
1;1.317958
2;4.201557
3;2.870389
4;2.331089
5;4.393222
6;3.728792
7;2.857360
8;2.831714
9;3.456479
10;7.269036
11;4.754068
12;66.150763
13;12.188229
14;34.829116
15;55.091567
16;35.140128
17;21.959086
18;1.731933
19;34.688284
20;24.318067
21;22.483117
22;1.804293
23;2.141400
24;1.583957
25;2.586995
26;2.214830
27;36.003816
28;2.646280
29;3.888959
30;1.826768
31;15.519593
32;3.283419
33;5.572109
34;32.872294
35;80.346180
36;1.693097
37;32.901901
38;8.176627
39;27.089873
40;59.964139
41;1.340046
42;1.798307
43;1.496779
44;1.633609
45;3.263510
46;3.008446
47;2.311833
48;11.176908
49;4.175286
50;24.740113
51;2.135007
52;4.661471
53;3.805771
54;2.350519
55;2.436792
56;36.368051
57;3.177760
58;2.055374
59;3.294405
60;3.037780
61;2.400992
62;1.902024
63;1.704559
64;2.376927
65;2.439887
66;47.602272
67;1.736771
68;80.369374
69;1.561940
70;2.237881
71;1.921508
72;22.783934
73;2.020800
74;2.417302
75;8.249446
76;1.904862
77;2.111820
78;2.268664
79;2.147765
80;2.100115
81;2.751876
82;64.880392
83;29.592418
84;34.182285
85;1.348119
86;1.968092
87;1.921190
88;18.825437
89;1.716825
90;2.027829
91;2.180705
92;20.431386
93;1.987725
94;2.230873
95;2.255297
96;2.954980
97;102.525117
98;1.930077
99;1.581067
100;1.892744
&
entradas/human_genoma_grande
*
2
10
1;6.462837
2;9.387084
3;8.881055
4;8.744360
5;6.903525
6;8.443986
7;5.678928
8;9.549687
9;10.980592
10;9.416080
10
1;6.453276
2;9.423038
3;8.882864
4;8.707681
5;6.895034
6;8.408456
7;5.696366
8;9.557816
9;10.916565
10;9.449160
10
1;6.476733
2;9.394704
3;8.935809
4;8.746877
5;6.879511
6;8.392738
7;5.674121
8;9.526134
9;10.915470
10;9.449035
10
1;6.441557
2;9.426187
3;8.864952
4;8.710914
5;6.890577
6;8.413528
7;5.698233
8;9.576081
9;10.954202
10;9.422583
10
1;6.467887
2;9.463059
3;8.858753
4;8.708656
5;6.867215
6;8.446396
7;5.644926
8;9.508959
9;10.932917
10;9.413309
*
4
10
1;3.728611
2;5.440180
3;5.207044
4;5.119811
5;3.905326
6;4.844533
7;3.185104
8;5.587662
9;6.577669
10;5.370629
10
1;3.735972
2;5.432274
3;5.197956
4;5.123008
5;3.913384
6;4.792333
7;3.222250
8;5.514384
9;6.565006
10;5.452862
10
1;3.733328
2;5.422139
3;5.168494
4;5.111813
5;3.866184
6;4.805463
7;3.204385
8;5.466278
9;6.519318
10;5.459497
10
1;3.723094
2;5.451837
3;5.189843
4;5.102531
5;3.867341
6;4.812917
7;3.182182
8;5.500901
9;6.553980
10;5.427853
10
1;3.748119
2;5.435405
3;5.187261
4;5.091087
5;3.846528
6;4.805924
7;3.186407
8;5.509522
9;6.564857
10;5.456170
*
8
10
1;2.318120
2;3.404590
3;3.286079
4;3.198560
5;2.300986
6;3.017929
7;1.914968
8;3.400897
9;4.252936
10;3.295707
10
1;2.272715
2;3.361055
3;3.284818
4;3.213769
5;2.305459
6;2.947493
7;1.942419
8;3.398066
9;4.222175
10;3.280018
10
1;2.302782
2;3.402824
3;3.295303
4;3.200519
5;2.280197
6;2.965952
7;1.944836
8;3.405035
9;4.276084
10;3.312120
10
1;2.304793
2;3.402399
3;3.289814
4;3.224940
5;2.323094
6;2.941269
7;1.919280
8;3.402311
9;4.258778
10;3.366230
10
1;2.313062
2;3.375826
3;3.290392
4;3.230159
5;2.296907
6;2.937744
7;1.915077
8;3.386885
9;4.281182
10;3.274766
*
16
10
1;1.260410
2;1.876330
3;1.892926
4;1.854912
5;1.288868
6;1.612198
7;1.108174
8;1.835842
9;2.627036
10;1.920320
10
1;1.260573
2;1.961014
3;1.996656
4;1.856302
5;1.295252
6;1.625738
7;1.120228
8;1.850239
9;2.678843
10;1.995378
10
1;1.267362
2;1.861093
3;1.940505
4;1.863082
5;1.264947
6;1.599199
7;1.124818
8;1.846945
9;2.633088
10;1.920998
10
1;1.258297
2;1.863946
3;1.935545
4;1.856201
5;1.292827
6;1.608257
7;1.107047
8;1.884579
9;2.654022
10;1.933808
10
1;1.264761
2;1.868588
3;1.931241
4;1.845532
5;1.346535
6;1.601111
7;1.126322
8;1.878063
9;2.694246
10;1.913790
*
32
10
1;1.253520
2;1.851625
3;1.919029
4;1.839770
5;1.265609
6;1.591390
7;1.103554
8;1.821733
9;2.648346
10;1.872529
10
1;1.237445
2;1.892104
3;1.922164
4;1.832281
5;1.291503
6;1.598232
7;1.102150
8;1.815160
9;2.624632
10;1.883411
10
1;1.251032
2;1.905852
3;1.901220
4;1.834900
5;1.267405
6;1.581610
7;1.096088
8;1.824943
9;2.651630
10;1.887609
10
1;1.255330
2;1.890555
3;1.930084
4;1.834688
5;1.269557
6;1.603820
7;1.094171
8;1.806619
9;2.626383
10;1.849939
10
1;1.249412
2;1.842207
3;1.916152
4;1.828234
5;1.274117
6;1.601487
7;1.098080
8;1.805950
9;2.619708
10;1.881301
*
64
10
1;1.242056
2;1.894453
3;1.918773
4;1.834275
5;1.282808
6;1.594409
7;1.105525
8;1.846843
9;2.640005
10;1.865795
10
1;1.256430
2;1.850932
3;1.909220
4;1.836970
5;1.280945
6;1.588146
7;1.100379
8;1.884004
9;2.677426
10;1.888507
10
1;1.260694
2;1.878967
3;1.931060
4;1.855242
5;1.258440
6;1.583295
7;1.184463
8;1.869213
9;2.627938
10;1.880568
10
1;1.258718
2;1.892221
3;1.921905
4;1.821764
5;1.271452
6;1.586537
7;1.099543
8;1.823295
9;2.631344
10;1.883752
10
1;1.250905
2;1.912695
3;1.915976
4;1.832196
5;1.266887
6;1.607068
7;1.092589
8;1.903048
9;2.678698
10;1.897743
*
96
10
1;1.278028
2;1.916916
3;1.909786
4;1.855181
5;1.280710
6;1.620804
7;1.176418
8;1.806997
9;2.681718
10;1.884124
10
1;1.257141
2;1.847565
3;1.892369
4;1.817471
5;1.323515
6;1.584584
7;1.096441
8;1.884061
9;2.641626
10;1.879654
10
1;1.283077
2;1.916297
3;1.916163
4;1.816027
5;1.282294
6;1.604260
7;1.116321
8;1.854621
9;2.650169
10;1.860049
10
1;1.282820
2;1.852817
3;1.913785
4;1.849327
5;1.263964
6;1.591544
7;1.112100
8;1.835336
9;2.656850
10;1.870485
10
1;1.251708
2;1.874036
3;1.926415
4;1.942513
5;1.281592
6;1.574076
7;1.099990
8;1.881988
9;2.708197
10;1.849639
!
100
1;1.255230
2;1.853565
3;1.912298
4;1.865721
5;1.278427
6;1.623647
7;1.091570
8;1.804479
9;2.602220
10;1.871484
11;2.128121
12;2.113799
13;1.358434
14;1.553098
15;1.730130
16;1.345016
17;1.839961
18;3.091391
19;2.165446
20;3.920682
21;2.273890
22;2.636286
23;36.488797
24;20.315989
25;0.963813
26;18.719331
27;0.798964
28;0.914678
29;0.761559
30;36.033233
31;1.707542
32;36.136676
33;0.864675
34;19.005259
35;34.911492
36;0.888268
37;15.777240
38;4.231613
39;1.303687
40;0.882525
41;1.118509
42;35.047220
43;16.142244
44;5.918725
45;2.261929
46;0.798719
47;22.106944
48;0.745314
49;1.449755
50;1.523199
51;1.079093
52;0.891494
53;1.041018
54;2.584075
55;1.466189
56;1.251552
57;36.810963
58;0.994442
59;1.295511
60;1.789160
61;1.383734
62;1.924204
63;2.623612
64;1.066686
65;0.824409
66;0.944571
67;15.408282
68;3.465432
69;1.257496
70;1.184172
71;11.987184
72;1.111396
73;12.154987
74;20.158258
75;24.764013
76;40.809692
77;16.626225
78;0.925891
79;0.870307
80;1.232564
81;0.748276
82;31.048591
83;7.807083
84;0.704795
85;0.982086
86;25.183234
87;0.767267
88;54.421537
89;0.966026
90;0.938346
91;0.861342
92;1.202319
93;1.017871
94;0.906062
95;1.182386
96;1.016850
97;2.984093
98;1.193121
99;0.903375
100;2.078374
100
1;1.274500
2;1.881932
3;1.914365
4;1.854478
5;1.272743
6;1.596163
7;1.111039
8;1.891428
9;2.658702
10;1.878612
11;2.091595
12;2.112101
13;1.359740
14;1.470178
15;1.747162
16;1.349031
17;1.833925
18;3.072354
19;2.225091
20;4.050822
21;2.279263
22;2.851740
23;36.772668
24;19.512840
25;0.913395
26;17.575559
27;0.781579
28;0.922159
29;0.759151
30;35.794730
31;1.705078
32;35.477548
33;0.854233
34;19.312870
35;35.730197
36;0.885157
37;15.614674
38;4.367820
39;1.329354
40;0.883900
41;1.105835
42;35.644921
43;15.601859
44;5.978295
45;2.275252
46;0.792217
47;22.800017
48;0.739111
49;1.439603
50;1.467280
51;1.075469
52;0.893837
53;1.028924
54;2.399924
55;1.420505
56;1.364431
57;36.900060
58;1.068390
59;1.320729
60;1.776245
61;1.344112
62;1.936619
63;2.624334
64;1.110918
65;0.886395
66;0.906740
67;15.663297
68;3.479673
69;1.264590
70;1.218278
71;12.294706
72;1.158350
73;11.457940
74;19.783994
75;24.843801
76;39.767432
77;15.995310
78;0.877937
79;0.908217
80;1.191300
81;0.720834
82;30.762584
83;7.921853
84;0.706866
85;1.039430
86;25.355352
87;0.790745
88;55.572851
89;0.962994
90;0.950839
91;0.854813
92;1.192949
93;1.014408
94;0.892723
95;1.197678
96;1.013525
97;2.992073
98;1.140044
99;0.904043
100;2.137833
100
1;1.255491
2;1.856778
3;1.917763
4;1.873737
5;1.272252
6;1.619401
7;1.098044
8;1.841891
9;2.651799
10;1.896116
11;2.092831
12;2.090386
13;1.343289
14;1.478184
15;1.757310
16;1.353342
17;1.825050
18;3.101197
19;2.156959
20;3.926362
21;2.270012
22;2.868758
23;37.482296
24;18.975455
25;0.897143
26;18.123215
27;0.807909
28;0.972732
29;0.796025
30;35.242748
31;1.701560
32;34.796178
33;0.863730
34;20.451502
35;35.804656
36;0.886587
37;15.607967
38;4.042804
39;1.315698
40;0.887828
41;1.106292
42;37.338197
43;16.214733
44;6.008279
45;2.264097
46;0.821385
47;22.789328
48;0.743834
49;1.441792
50;1.475532
51;1.073713
52;0.890250
53;1.044182
54;2.472970
55;1.442050
56;1.249493
57;36.627604
58;1.046438
59;1.325074
60;1.943027
61;1.345438
62;1.926182
63;2.597284
64;1.066221
65;0.819515
66;0.900821
67;15.596857
68;3.507266
69;1.246748
70;1.235984
71;12.358366
72;1.086883
73;10.912013
74;19.350936
75;24.194762
76;39.396804
77;15.880330
78;0.932171
79;0.926327
80;1.210960
81;0.728231
82;31.349206
83;7.845657
84;0.711697
85;0.971823
86;25.218422
87;0.835852
88;54.144730
89;0.989530
90;0.951415
91;0.932786
92;1.237555
93;0.959069
94;0.932567
95;1.193507
96;1.031456
97;3.068057
98;1.150800
99;0.906490
100;2.136418
100
1;1.249885
2;1.930036
3;1.919846
4;1.844979
5;1.270444
6;1.586803
7;1.106539
8;1.900655
9;2.626599
10;1.877647
11;2.102197
12;2.067754
13;1.357714
14;1.475934
15;1.726073
16;1.332377
17;1.826967
18;3.086803
19;2.195825
20;3.922028
21;2.285837
22;2.930938
23;35.856242
24;19.400568
25;0.929205
26;17.944420
27;0.781306
28;0.919212
29;0.762541
30;35.423631
31;1.688990
32;35.057406
33;0.852277
34;19.197424
35;35.646986
36;0.950830
37;15.097199
38;3.920005
39;1.294809
40;0.880570
41;1.114461
42;36.638143
43;15.967324
44;5.562912
45;2.257449
46;0.799947
47;21.968453
48;0.738671
49;1.512042
50;1.467468
51;1.063771
52;0.892232
53;1.050589
54;2.429933
55;1.437087
56;1.248002
57;36.568697
58;0.996210
59;1.298418
60;1.789410
61;1.346402
62;1.910335
63;2.636422
64;1.062235
65;0.832940
66;0.914666
67;15.463398
68;3.489972
69;1.249868
70;1.175521
71;12.282000
72;1.109606
73;10.818891
74;19.357489
75;24.419195
76;39.539267
77;15.811781
78;0.870321
79;0.917611
80;1.153493
81;0.727188
82;31.249616
83;7.959869
84;0.763527
85;0.977664
86;25.586753
87;0.761637
88;53.900355
89;0.978629
90;0.941702
91;0.861735
92;1.258686
93;0.954211
94;0.927981
95;1.186522
96;1.023354
97;3.054085
98;1.142602
99;0.894056
100;2.045410
100
1;1.267171
2;1.859195
3;1.919900
4;1.849037
5;1.268586
6;1.587937
7;1.099109
8;1.805786
9;2.629344
10;1.869914
11;2.079892
12;2.093478
13;1.354392
14;1.480172
15;1.716706
16;1.331895
17;1.824847
18;3.077344
19;2.186629
20;3.848489
21;2.265459
22;2.641749
23;35.826913
24;19.213753
25;0.906442
26;18.113972
27;0.796891
28;0.927081
29;0.754500
30;35.969637
31;1.691821
32;33.693249
33;0.851289
34;20.593668
35;35.903671
36;0.888633
37;15.562972
38;4.506159
39;1.315778
40;0.897465
41;1.097879
42;37.108942
43;16.253991
44;5.841048
45;2.336295
46;0.791889
47;22.768237
48;0.744150
49;1.447273
50;1.472429
51;1.126739
52;0.892839
53;1.035412
54;2.566536
55;1.445546
56;1.238466
57;36.487249
58;0.991054
59;1.308105
60;1.793156
61;1.339169
62;1.938675
63;2.628071
64;1.058103
65;0.828591
66;0.900038
67;15.344109
68;3.407585
69;1.262433
70;1.192047
71;12.233292
72;1.108008
73;11.257080
74;19.288872
75;24.525457
76;41.241600
77;16.429209
78;0.947910
79;0.856184
80;1.167186
81;0.760963
82;30.574946
83;7.856765
84;0.704610
85;0.979333
86;25.293947
87;0.775317
88;54.498751
89;0.961064
90;0.975355
91;0.902396
92;1.257211
93;1.005710
94;0.854342
95;1.236120
96;1.088846
97;3.040968
98;1.201504
99;0.897876
100;2.079071
