16
&
entradas/human_genoma_pequeno
*
2
10
1;3.974158
2;13.315343
3;9.739280
4;8.431290
5;14.363548
6;13.071602
7;10.613459
8;9.731297
9;11.603517
10;19.106196
10
1;3.952164
2;13.324953
3;9.732310
4;8.455076
5;14.398114
6;13.087379
7;10.617758
8;9.691977
9;11.676460
10;19.135698
10
1;3.950682
2;13.299182
3;9.678777
4;8.481962
5;14.367324
6;13.053873
7;10.599875
8;9.664575
9;11.597493
10;19.027806
10
1;3.852967
2;13.080244
3;9.532626
4;8.230694
5;14.062953
6;12.844579
7;10.394010
8;9.574778
9;11.419871
10;18.587339
10
1;3.849513
2;13.185759
3;9.797008
4;8.467611
5;14.453872
6;13.164142
7;10.619020
8;9.709364
9;11.691296
10;19.091984
*
4
10
1;2.150975
2;7.389231
3;5.229621
4;4.380540
5;8.030384
6;6.919446
7;5.521762
8;5.138158
9;6.234045
10;11.544313
10
1;2.153453
2;7.408519
3;5.218753
4;4.389465
5;8.034193
6;6.904342
7;5.485937
8;5.121744
9;6.231504
10;11.529125
10
1;2.149811
2;7.354488
3;5.228772
4;4.380086
5;7.978477
6;6.860416
7;5.505246
8;5.289481
9;6.234495
10;11.529102
10
1;2.156892
2;7.359094
3;5.219595
4;4.353388
5;7.983263
6;6.872711
7;5.539700
8;5.116727
9;6.222449
10;11.555127
10
1;2.151972
2;7.376014
3;5.217196
4;4.391019
5;7.980058
6;6.863036
7;5.539394
8;5.125631
9;6.203972
10;11.522188
*
8
10
1;1.429385
2;4.864064
3;3.397696
4;2.788225
5;5.176472
6;4.364367
7;3.408607
8;3.370956
9;4.049992
10;8.168605
10
1;1.412308
2;4.870607
3;3.390649
4;2.785279
5;5.154170
6;4.364373
7;3.387800
8;3.342047
9;4.053389
10;8.303271
10
1;1.435206
2;4.857533
3;3.390809
4;2.770346
5;5.122942
6;4.357838
7;3.388160
8;3.372051
9;4.077178
10;8.182720
10
1;1.415793
2;4.756297
3;3.339151
4;2.719556
5;4.995689
6;4.263177
7;3.236623
8;3.196616
9;3.893193
10;7.995870
10
1;1.418677
2;4.683609
3;3.252860
4;2.660377
5;4.992319
6;4.180061
7;3.262191
8;3.200025
9;3.907072
10;7.993013
*
16
10
1;1.433124
2;4.785820
3;3.353114
4;2.669490
5;5.115834
6;4.337206
7;3.325112
8;3.298748
9;3.952093
10;8.046380
10
1;1.410335
2;4.685344
3;3.286953
4;2.699129
5;5.060749
6;4.228932
7;3.307487
8;3.251661
9;3.961983
10;8.016445
10
1;1.418219
2;4.774939
3;3.303109
4;2.671908
5;4.981048
6;4.157505
7;3.253189
8;3.258653
9;3.961582
10;8.069802
10
1;1.405906
2;4.730193
3;3.302881
4;2.694380
5;4.995234
6;4.178348
7;3.260813
8;3.223936
9;3.954377
10;8.011559
10
1;1.425230
2;4.722657
3;3.280695
4;2.686884
5;5.030947
6;4.202189
7;3.277141
8;3.285749
9;3.963966
10;8.093317
!
100
1;1.433896
2;4.725306
3;3.296865
4;2.739624
5;5.043577
6;4.203903
7;3.252119
8;3.201846
9;3.865772
10;7.954428
11;5.349724
12;72.831117
13;13.425588
14;37.995491
15;59.553272
16;37.961792
17;24.318316
18;1.972225
19;37.698649
20;26.662421
21;24.448070
22;2.003567
23;2.374283
24;1.819406
25;2.908153
26;2.465908
27;39.212288
28;2.902118
29;4.395313
30;2.045647
31;16.927991
32;3.587249
33;6.097057
34;35.879856
35;87.486251
36;1.882126
37;35.752944
38;8.884969
39;29.566241
40;65.181828
41;1.480668
42;1.924929
43;1.628838
44;1.815638
45;3.678916
46;3.499051
47;2.664385
48;12.373317
49;4.643348
50;26.992308
51;2.429876
52;5.210810
53;4.246173
54;2.644496
55;2.750786
56;40.382341
57;3.514916
58;2.277570
59;3.782650
60;3.376978
61;2.713409
62;2.112099
63;1.951009
64;2.724432
65;2.824673
66;51.147538
67;1.840607
68;86.571919
69;1.677108
70;2.393809
71;2.058011
72;24.225675
73;2.168590
74;2.591934
75;8.712805
76;2.104121
77;2.235075
78;2.421156
79;2.296283
80;2.222071
81;2.965389
82;69.681026
83;31.512000
84;37.116840
85;1.406515
86;2.120846
87;2.047605
88;20.046896
89;1.834519
90;2.172304
91;2.286683
92;21.632395
93;2.118525
94;2.400522
95;2.433531
96;3.143115
97;109.046657
98;2.044812
99;1.695979
100;2.055965
100
1;1.389118
2;4.470273
3;3.120650
4;2.538607
5;4.731026
6;3.933327
7;3.053302
8;3.021152
9;3.719515
10;7.652724
11;5.076701
12;71.266593
13;12.988151
14;37.327187
15;58.574684
16;37.228490
17;23.781714
18;1.879124
19;37.234972
20;26.332915
21;24.355518
22;1.975000
23;2.369277
24;1.824632
25;2.975288
26;2.472576
27;39.303531
28;2.791730
29;4.215713
30;1.950200
31;16.411103
32;3.479217
33;6.069776
34;35.267695
35;85.933089
36;1.873106
37;35.592337
38;8.776828
39;29.348303
40;65.125058
41;1.526883
42;1.896003
43;1.623690
44;1.826711
45;3.620753
46;3.306773
47;2.638523
48;12.009302
49;4.535434
50;26.476658
51;2.329984
52;5.160817
53;4.179584
54;2.589766
55;2.671482
56;39.589951
57;3.512456
58;2.259992
59;3.686734
60;3.358745
61;2.710860
62;2.119101
63;1.903149
64;2.635709
65;2.746912
66;51.993346
67;1.902631
68;87.306033
69;1.715036
70;2.501491
71;2.077203
72;24.015907
73;2.159138
74;2.590185
75;8.758922
76;2.077488
77;2.219770
78;2.422289
79;2.266457
80;2.237289
81;2.926165
82;68.933067
83;31.136604
84;36.098824
85;1.421724
86;2.089456
87;2.043516
88;19.844655
89;1.825583
90;2.150517
91;2.295139
92;21.404966
93;2.117411
94;2.393365
95;2.396362
96;3.125489
97;108.373105
98;2.031666
99;1.676162
100;2.013765
100
1;1.401465
2;4.437142
3;3.079576
4;2.525859
5;4.712497
6;3.960966
7;3.085120
8;3.036144
9;3.680549
10;7.690527
11;5.076312
12;71.230080
13;13.019572
14;36.996302
15;58.569074
16;37.219641
17;23.769560
18;1.863863
19;37.287571
20;26.187842
21;24.026913
22;1.919441
23;2.276174
24;1.741469
25;2.810169
26;2.342414
27;38.650574
28;2.918482
29;4.195156
30;1.997873
31;16.468684
32;3.494620
33;5.981179
34;35.442950
35;86.346508
36;1.805591
37;35.104010
38;8.730626
39;29.102077
40;63.812015
41;1.413048
42;1.828299
43;1.541083
44;1.701147
45;3.457366
46;3.161744
47;2.498586
48;11.942360
49;4.467914
50;26.294585
51;2.286507
52;5.037936
53;4.109516
54;2.483888
55;2.547663
56;38.908052
57;3.356401
58;2.215893
59;3.482329
60;3.211363
61;2.564541
62;2.019775
63;1.821160
64;2.518241
65;2.660670
66;50.714849
67;1.842336
68;85.971820
69;1.629907
70;2.379951
71;2.038121
72;24.016518
73;2.147012
74;2.570135
75;8.684906
76;2.076194
77;2.221416
78;2.436847
79;2.295232
80;2.227324
81;2.907059
82;69.460030
83;31.347449
84;36.689767
85;1.427958
86;2.130419
87;2.045416
88;20.008210
89;1.882997
90;2.168552
91;2.296146
92;21.710922
93;2.121794
94;2.400914
95;2.413399
96;3.125449
97;109.070274
98;2.037225
99;1.669567
100;2.090004
100
1;1.386290
2;4.421687
3;3.075148
4;2.514602
5;4.721584
6;3.916079
7;3.064332
8;3.008541
9;3.666568
10;7.627167
11;5.090025
12;70.917730
13;12.930950
14;36.943018
15;58.154044
16;37.019954
17;23.632816
18;1.900922
19;36.494368
20;26.023876
21;23.811558
22;1.907865
23;2.292049
24;1.728435
25;2.820514
26;2.366984
27;38.340437
28;2.837788
29;4.193980
30;1.950311
31;16.515661
32;3.468171
33;5.943638
34;35.145116
35;85.647641
36;1.811548
37;35.213289
38;8.708914
39;28.685374
40;63.769653
41;1.429372
42;1.865681
43;1.589080
44;1.721972
45;3.435650
46;3.162621
47;2.536526
48;12.023798
49;4.431629
50;25.849606
51;2.217782
52;4.917941
53;3.999123
54;2.418393
55;2.497948
56;38.170854
57;3.345024
58;2.234138
59;3.515336
60;3.208701
61;2.565366
62;2.023270
63;1.814720
64;2.504024
65;2.647087
66;50.812005
67;1.830446
68;85.875462
69;1.636055
70;2.417132
71;2.031042
72;24.026153
73;2.176433
74;2.549505
75;8.770766
76;2.072964
77;2.236855
78;2.402020
79;2.275312
80;2.235767
81;2.945995
82;69.205038
83;31.157971
84;36.599661
85;1.435575
86;2.106081
87;2.039129
88;19.876783
89;1.836985
90;2.160136
91;2.279477
92;21.164452
93;2.134311
94;2.407998
95;2.413730
96;3.155683
97;109.172497
98;2.022489
99;1.698936
100;2.033818
100
1;1.389412
2;4.462882
3;3.100290
4;2.514381
5;4.722314
6;3.930387
7;3.063686
8;3.016393
9;3.690785
10;7.690191
11;5.066390
12;71.072499
13;12.962700
14;36.974832
15;58.317220
16;36.684120
17;23.529846
18;1.823994
19;36.144407
20;25.468430
21;23.168698
22;1.906197
23;2.287415
24;1.737702
25;2.766662
26;2.359654
27;38.449654
28;2.817473
29;4.188729
30;1.965869
31;16.536761
32;3.474940
33;5.950469
34;35.140232
35;86.470432
36;1.939155
37;36.156891
38;8.992011
39;29.535003
40;65.577373
41;1.498512
42;1.908744
43;1.594356
44;1.794657
45;3.584475
46;3.333094
47;2.639654
48;12.171461
49;4.619106
50;26.917500
51;2.360432
52;5.192558
53;4.160475
54;2.594604
55;2.692314
56;40.130924
57;3.459663
58;2.250637
59;3.693110
60;3.329993
61;2.662389
62;2.089118
63;1.871948
64;2.633352
65;2.715928
66;51.374228
67;1.894781
68;87.075532
69;1.644534
70;2.434476
71;2.075878
72;24.361435
73;2.179358
74;2.566743
75;8.896399
76;2.098637
77;2.247574
78;2.406463
79;2.288809
80;2.236110
81;3.060024
82;69.750845
83;30.972563
84;36.442207
85;1.407692
86;2.095681
87;2.042253
88;19.956545
89;1.905919
90;2.178406
91;2.330548
92;21.889957
93;2.157796
94;2.430184
95;2.438594
96;3.193715
97;110.050531
98;2.066428
99;1.689097
100;2.072855
&
entradas/human_genoma_grande
*
2
10
1;7.214489
2;10.782740
3;10.196647
4;10.004219
5;7.974428
6;9.690010
7;6.504039
8;11.003494
9;12.543400
10;10.887332
10
1;7.214585
2;10.676772
3;10.121682
4;9.947500
5;7.891136
6;9.630546
7;6.469276
8;10.968393
9;12.478851
10;10.807360
10
1;7.237205
2;10.805226
3;10.187023
4;9.954591
5;7.928171
6;9.664090
7;6.485579
8;10.941291
9;12.397206
10;10.427836
10
1;7.137188
2;10.364160
3;9.794019
4;9.660979
5;7.648011
6;9.291602
7;6.279066
8;10.605504
9;12.066650
10;10.467440
10
1;7.166968
2;10.367091
3;9.922083
4;9.814354
5;7.606466
6;9.362141
7;6.274979
8;10.872401
9;13.214213
10;11.508199
*
4
10
1;4.115414
2;6.223784
3;5.915832
4;5.814270
5;4.410113
6;5.438226
7;3.583650
8;6.283201
9;7.444555
10;6.196752
10
1;4.119210
2;6.203483
3;5.903167
4;5.804176
5;4.428979
6;5.473680
7;3.566521
8;6.298295
9;7.502223
10;6.236906
10
1;4.108913
2;6.163597
3;5.899943
4;5.807245
5;4.428543
6;5.447945
7;3.580227
8;6.237858
9;7.400202
10;6.215830
10
1;4.112598
2;6.238020
3;5.904007
4;5.832235
5;4.421900
6;5.434597
7;3.578854
8;6.248444
9;7.430637
10;6.179297
10
1;4.109358
2;6.183539
3;5.881763
4;5.770432
5;4.410815
6;5.443458
7;3.577864
8;6.282404
9;7.434458
10;6.169435
*
8
10
1;2.470969
2;3.695465
3;3.581381
4;3.489722
5;2.505505
6;3.211272
7;2.089843
8;3.710218
9;4.653800
10;3.609096
10
1;2.471878
2;3.679918
3;3.576804
4;3.461953
5;2.476228
6;3.194449
7;2.057430
8;3.627556
9;4.501935
10;3.594589
10
1;2.466796
2;3.660289
3;3.563911
4;3.441565
5;2.470085
6;3.176109
7;2.077183
8;3.693534
9;4.626842
10;3.584933
10
1;2.463795
2;3.647766
3;3.591063
4;3.441458
5;2.502458
6;3.187717
7;2.091903
8;3.687656
9;4.597460
10;3.580172
10
1;2.475845
2;3.656038
3;3.539902
4;3.471838
5;2.472630
6;3.187263
7;2.082608
8;3.687482
9;4.625997
10;3.585625
*
16
10
1;1.690206
2;2.758937
3;2.824603
4;2.732833
5;1.908250
6;2.404656
7;1.719544
8;2.781864
9;3.665607
10;2.795956
10
1;1.675423
2;2.744761
3;2.833674
4;2.701832
5;1.886135
6;2.448077
7;1.719403
8;2.765131
9;3.681027
10;2.850356
10
1;1.657463
2;2.745358
3;2.733956
4;2.720860
5;2.016109
6;2.343870
7;1.622853
8;2.676776
9;3.654414
10;2.709627
10
1;1.672256
2;2.684580
3;2.759126
4;2.701596
5;2.025240
6;2.423291
7;1.676011
8;2.822802
9;3.661138
10;2.799758
10
1;1.678099
2;2.644070
3;2.817967
4;2.642484
5;2.015206
6;2.460622
7;1.676357
8;2.740186
9;3.716467
10;2.907774
!
100
1;1.661887
2;2.744565
3;2.715531
4;2.666423
5;1.914087
6;2.467262
7;1.637780
8;2.741438
9;3.640004
10;2.854435
11;3.123155
12;3.029807
13;2.059866
14;2.161373
15;2.556651
16;1.960083
17;2.606714
18;4.283240
19;3.058965
20;5.115138
21;3.092896
22;3.619790
23;40.381521
24;22.058757
25;1.468240
26;21.275904
27;1.133207
28;1.461255
29;1.273590
30;41.845700
31;2.219334
32;42.920213
33;1.321359
34;22.538428
35;43.019238
36;1.280627
37;18.073448
38;5.693927
39;1.802379
40;1.404885
41;1.808452
42;42.413378
43;19.139650
44;7.545907
45;2.804912
46;1.244652
47;25.304280
48;1.134261
49;2.278277
50;2.218170
51;1.723221
52;1.419283
53;1.636049
54;3.524239
55;2.091882
56;1.923300
57;40.791119
58;1.527046
59;1.821574
60;2.756364
61;2.105828
62;3.046092
63;3.931838
64;1.691640
65;1.303196
66;1.470472
67;18.386986
68;4.352276
69;1.919608
70;1.915784
71;14.801885
72;1.763609
73;13.494244
74;23.501365
75;28.511655
76;43.213886
77;19.109030
78;1.392206
79;1.361853
80;1.867353
81;1.180286
82;43.128843
83;9.119258
84;1.155761
85;1.521810
86;30.019744
87;1.252363
88;73.090260
89;1.329709
90;1.258931
91;1.375791
92;1.953953
93;1.533957
94;1.380919
95;1.874162
96;1.702819
97;4.675732
98;1.761568
99;1.418033
100;3.148936
100
1;1.674886
2;2.747328
3;2.792450
4;2.704029
5;2.016799
6;2.410783
7;1.633306
8;2.794764
9;3.634160
10;2.893435
11;3.002267
12;3.107159
13;2.056906
14;2.256520
15;2.545141
16;2.068572
17;2.582172
18;4.462428
19;3.098549
20;5.010581
21;3.086021
22;3.558170
23;40.800361
24;22.700257
25;1.446133
26;20.629278
27;1.171839
28;1.500879
29;1.291121
30;42.678268
31;2.274204
32;41.514477
33;1.299854
34;22.769843
35;40.960866
36;1.347320
37;19.535288
38;5.730521
39;1.810300
40;1.351750
41;1.826690
42;44.169102
43;18.927448
44;8.177487
45;3.006419
46;1.319653
47;24.861553
48;1.135801
49;2.228402
50;2.318307
51;1.690610
52;1.392640
53;1.646542
54;3.492781
55;2.099978
56;1.951405
57;40.997425
58;1.506554
59;1.862799
60;2.644567
61;2.128045
62;2.950584
63;3.987078
64;1.664424
65;1.333123
66;1.466030
67;17.298955
68;4.309088
69;1.879195
70;1.938991
71;14.281929
72;1.740965
73;12.883230
74;22.660346
75;27.293882
76;42.815624
77;19.079706
78;1.394632
79;1.379735
80;1.856376
81;1.123766
82;43.718206
83;9.336930
84;1.130978
85;1.536365
86;30.269967
87;1.243804
88;69.982347
89;1.281614
90;1.265493
91;1.321535
92;1.957428
93;1.488172
94;1.350979
95;1.892811
96;1.595217
97;4.257829
98;1.757147
99;1.439673
100;3.042162
100
1;1.687890
2;2.689929
3;2.696328
4;2.656593
5;1.896415
6;2.346345
7;1.641676
8;2.785520
9;3.637235
10;2.800872
11;2.945943
12;3.141799
13;2.077590
14;2.149035
15;2.512869
16;1.934971
17;2.563238
18;4.185238
19;3.072851
20;5.034388
21;3.069646
22;3.603606
23;42.000606
24;22.374894
25;1.483472
26;20.666152
27;1.177496
28;1.512323
29;1.251406
30;42.087354
31;2.270697
32;42.226337
33;1.333883
34;22.049125
35;41.412954
36;1.367386
37;18.313189
38;5.634017
39;1.787999
40;1.384252
41;1.782422
42;44.086863
43;19.785723
44;8.102997
45;2.999219
46;1.245707
47;24.652608
48;1.138448
49;2.125215
50;2.224329
51;1.718416
52;1.417842
53;1.560571
54;3.486278
55;2.122969
56;1.891298
57;40.456475
58;1.495036
59;1.816579
60;2.655803
61;2.133315
62;2.940249
63;3.997511
64;1.683848
65;1.366806
66;1.435153
67;17.493627
68;4.381788
69;1.927992
70;1.909299
71;14.292640
72;1.773929
73;13.180525
74;22.512210
75;28.648496
76;44.069641
77;19.350500
78;1.433972
79;1.380255
80;1.818861
81;1.129471
82;45.809919
83;9.392566
84;1.156876
85;1.594600
86;28.679443
87;1.263996
88;73.498614
89;1.335587
90;1.336778
91;1.389587
92;1.937049
93;1.492381
94;1.391893
95;1.883134
96;1.576838
97;4.404900
98;1.753877
99;1.336827
100;3.152189
100
1;1.676835
2;2.609588
3;2.688828
4;2.669284
5;1.885987
6;2.388240
7;1.653492
8;2.720540
9;3.552643
10;2.839364
11;3.014432
12;3.136720
13;2.003434
14;2.210351
15;2.475654
16;2.072233
17;2.692229
18;4.328632
19;3.048342
20;4.868149
21;3.107680
22;3.802798
23;41.430205
24;23.338041
25;1.473289
26;20.113130
27;1.145370
28;1.428800
29;1.263191
30;41.271889
31;2.235395
32;41.213617
33;1.313177
34;22.005754
35;40.510593
36;1.374541
37;17.997327
38;5.832224
39;1.710433
40;1.337996
41;1.694842
42;41.267418
43;18.807173
44;7.586199
45;2.849797
46;1.227146
47;23.864561
48;1.130251
49;2.185489
50;2.164054
51;1.631609
52;1.350127
53;1.614094
54;3.425374
55;2.173452
56;1.979637
57;41.636999
58;1.534354
59;1.779523
60;2.588766
61;2.052559
62;2.836903
63;4.157195
64;1.656810
65;1.308566
66;1.413512
67;18.405847
68;4.224824
69;1.963746
70;1.814616
71;14.071688
72;1.736106
73;12.678886
74;21.941804
75;27.153347
76;43.124618
77;17.601060
78;1.383684
79;1.381515
80;1.818737
81;1.153326
82;44.020274
83;8.656464
84;1.141163
85;1.565506
86;28.400153
87;1.215449
88;72.004426
89;1.315067
90;1.254774
91;1.348246
92;1.905320
93;1.538023
94;1.328485
95;1.809720
96;1.525372
97;4.554694
98;1.765780
99;1.405205
100;3.181294
100
1;1.683958
2;2.747316
3;2.792363
4;2.625806
5;1.998353
6;2.385208
7;1.682601
8;2.738685
9;3.688571
10;2.759719
11;2.967924
12;3.105526
13;2.014109
14;2.125075
15;2.484362
16;2.059979
17;2.681234
18;4.147054
19;2.988514
20;4.913900
21;3.038809
22;3.454721
23;41.548132
24;23.089566
25;1.474939
26;20.277369
27;1.138410
28;1.460009
29;1.190352
30;41.934030
31;2.168370
32;41.028458
33;1.293220
34;21.772341
35;41.252415
36;1.322327
37;18.887486
38;5.477784
39;1.709247
40;1.324942
41;1.768850
42;42.555475
43;18.822560
44;8.268196
45;2.991395
46;1.332877
47;24.343884
48;1.144909
49;2.132093
50;2.206686
51;1.732419
52;1.335960
53;1.626568
54;3.562269
55;2.234460
56;1.890264
57;40.943706
58;1.501494
59;1.825251
60;2.798425
61;2.042692
62;3.011038
63;4.128328
64;1.668125
65;1.381982
66;1.432699
67;17.593666
68;4.343520
69;2.003140
70;1.883720
71;14.750329
72;1.743262
73;12.561911
74;22.885789
75;28.560305
76;44.551245
77;18.481571
78;1.470434
79;1.375002
80;1.805098
81;1.134960
82;44.823337
83;9.459165
84;1.138441
85;1.571674
86;28.174457
87;1.172360
88;71.966853
89;1.307546
90;1.281431
91;1.359748
92;1.949005
93;1.522861
94;1.388952
95;1.803546
96;1.593191
97;4.480420
98;1.705653
99;1.419422
100;3.072024
